trait/effect level  solution          s.e.
   1   1         1         44.66074619          1.33427680
   1   1         2         57.42769737          2.17264366
   1   2         1         10.09134981          8.35991187
   1   2         2         16.98836653         10.47004029
   1   2         3         13.51321787          8.40740970
   1   2         4         16.99053528         10.47004029
   1   2         5         16.76844200          8.44286291
   1   2         6         21.48960310         10.47004029
   1   2         7         21.96395840          8.55131286
   1   2         8         10.18299473          8.44238750
   1   2         9         20.80474599         10.47004029
   1   2        10          8.14234080          7.84520652
   1   2        11         15.64076507          8.06338876
   1   2        12         14.24562023         10.47004029
   1   2        13         21.57061243         10.47004029
   1   2        14         13.56977535          8.53051708
   1   2        15         22.92980504         10.47004029
   1   2        16         19.28540186          8.63852387
   1   2        17         20.68809473          8.51208320
   1   2        18         17.16525022          8.39223937
   1   2        19         14.07491226          8.08542056
   1   2        20         21.41844780         10.47004029
   1   2        21         23.36042172         10.47004029
   1   2        22         23.87229351         10.47004029
   1   2        23         18.75442252         10.47004029
   1   2        24          3.98500959         10.48613906
   1   2        25          8.12923582         10.48613906
   1   2        26          4.17546115         10.48613906
   1   2        27          4.71094389          8.19432200
   1   2        28          5.68632494          8.69148516
   1   2        29          2.63008308         10.48613906
   1   2        30          1.82583339         10.48613906
   1   2        31          4.19412091          8.30269734
   1   2        32          5.11901241         10.48613906
   1   2        33          1.71000222          8.44704685
   1   2        34         -1.45755137         10.48613906
   1   2        35          3.10922799          8.13066453
   1   2        36          3.32985740         10.48613906
   1   2        37         -4.54504277         10.48613906
   1   2        38         -0.07277973          8.57792969
   1   2        39          1.54831793         10.48613906
   1   2        40         -3.85397666         10.48613906
   1   2        41          8.96255201          7.98340363
   1   2        42          3.48983685         10.48613906
   1   2        43          3.79020557         10.48613906
   1   2        44          6.86960779          8.55831822
   1   2        45          2.26550536         10.48613906
   1   2        46          1.27624426         10.48613906
   1   2        47          3.48548274         10.48613906
   1   2        48          7.31049662          8.25440063
   1   2        49         -0.44979112         10.48613906
   1   2        50          4.21028738         10.48613906
   1   2        51          4.42468155         10.48613906
   1   2        52         -4.83452954         10.48613906
   1   2        53          1.85304076         10.48613906
   1   2        54         -5.63224972         10.48613906
   1   2        55          1.94228172         10.48613906
   1   2        56         -3.04863762         10.48613906
   1   2        57          3.23653963          8.34732636
   1   2        58         -0.02317982         10.48613906
   1   2        59        -10.17093973          8.60126090
   1   2        60         -2.60575528          8.22849214
   1   2        61         -2.91804259         10.48613906
   1   2        62         -5.78243408         10.48613906
   1   2        63         -6.42452810         10.48613906
   1   2        64         -3.31853589         10.48613906
   1   2        65         -7.71633415         10.48613906
   1   2        66         -8.25721672         10.48613906
   1   2        67         -5.45703422         10.48613906
   1   2        68          1.80424317          8.45118421
   1   2        69         -4.78882137         10.48613906
   1   2        70         -7.67933170         10.48613906
   1   2        71         -6.84025662         10.48613906
   1   2        72         -8.32469046         10.48613906
   1   2        73         -5.38411867         10.48613906
   1   2        74         -5.91750331          8.12873456
   1   2        75         -7.41378837         10.48613906
   1   2        76         -2.03398774          8.29444256
   1   2        77          2.68885192         10.48613906
   1   2        78         -6.25148964         10.48613906
   1   2        79          4.85296245          8.43284444
   1   2        80         -6.13286510         10.48613906
   1   2        81          4.04813087         10.48613906
   1   2        82          1.30345163         10.48613906
   1   2        83         -0.88401962         10.48613906
   1   2        84          2.32209549         10.48613906
   1   2        85          2.89780429         10.48613906
   1   2        86          0.98784684         10.48613906
   1   2        87          2.86733217         10.48613906
   1   2        88         -5.32534983         10.48613906
   1   2        89         -1.87529680          8.53043255
   1   2        90          4.45079956         10.48613906
   1   2        91         -6.23842981         10.48613906
   1   2        92         -0.96128928         10.48613906
   1   2        93         -2.98987044         10.48613906
   1   2        94          1.05241825          8.18388407
   1   2        95          0.78433628         10.48613906
   1   2        96         -5.79767014         10.48613906
   1   2        97          3.99309669          8.04147634
   1   2        98         -2.70147136         10.48613906
   1   2        99          3.79999983         10.48613906
   1   2       100         -4.08904704         10.48613906
   1   2       101         -0.57603204         10.48613906
   1   2       102         -5.04130486         10.48613906
   1   2       103         -1.28015881         10.48613906
   1   2       104         -8.06676516         10.48613906
   1   2       105          6.11558800          7.88607044
   1   2       106         -8.73394207          7.89969368
   1   2       107         -4.89765083         10.48613906
   1   2       108          4.60860362         10.48613906
   1   2       109         -4.72304434          8.36489620
   1   2       110         -4.78559364          8.11263792
   1   2       111         -3.91274384         10.48613906
   1   2       112         -3.59317928          8.04730026
   1   2       113         -6.03145698          8.14571747
   1   2       114          0.51226261         10.48613906
   1   2       115          3.49745405         10.48613906
   1   2       116          2.82924120         10.48613906
   1   2       117          4.23205294         10.48613906
   1   2       118         -2.30305527          8.41771756
   1   2       119          1.06729189         10.48613906
   1   2       120          5.36921877          8.26063297
   1   2       121         -2.97046397          8.39067616
   1   2       122          0.39932396          8.24105636
   1   2       123         -0.37905097         10.48613906
   1   2       124         -0.30545043          8.23665633
   1   2       125         -3.48422298          8.48791195
   1   2       126         -5.42594159          8.19204843
   1   2       127          1.36086229          8.49497236
   1   2       128         -6.57253623         10.48613906
   1   2       129          4.99712394         10.48613906
   1   2       130         -1.16044740         10.48613906
   1   2       131         -0.30178298         10.48613906
   1   2       132         -3.94659714          8.20027323
   1   2       133         -1.88676459          8.19428554
   1   2       134          3.28741398         10.48613906
   1   2       135          4.06880874         10.48613906
   1   2       136          3.93059485         10.48613906
   1   2       137         -3.99093746          8.42535656
   1   2       138         -3.39362683         10.48613906
   1   2       139         -5.02606880         10.48613906
   1   2       140        -11.32254844          8.52796916
   1   2       141         -6.10348151         10.48613906
   1   2       142          1.07258335          8.84838277
   1   2       143          3.04778455          8.22054710
   1   2       144         -4.09231345         10.48613906
   1   2       145         -4.68216896         10.48613906
   1   2       146         -1.99066090          8.58924088
   1   2       147         -3.05081467         10.48613906
   1   2       148          3.55186878         10.48613906
   1   2       149         -1.12166592          8.14266284
   1   2       150          3.11328617         10.48613906
   1   2       151         -0.45770772          8.50034877
   1   2       152          6.64480198         10.48613906
   1   2       153          6.77866176         10.48613906
   1   2       154          5.98856044         10.48613906
   1   2       155         -0.11509912          8.19934952
   1   2       156          3.20399465          8.41881213
   1   2       157          5.46835573         10.48613906
   1   2       158          6.12459727         10.48613906
   1   2       159          1.58070726          8.23033465
   1   2       160          5.57936225         10.48613906
   1   2       161          3.52294988          8.35506034
   1   2       162          3.51298920          8.19638562
   1   2       163          6.01794486         10.48613906
   1   2       164          7.14868294         10.48613906
   1   2       165          5.12227883         10.48613906
   1   2       166          3.08376010          8.51394600
   1   2       167          2.90156711          8.01559623
   1   2       168          2.52669542         10.48613906
   1   2       169          2.81291744         10.48613906
   1   2       170          4.03180712         10.48613906
   1   2       171          0.24464786          8.40470660
   1   2       172          7.14980296          8.33924805
   1   2       173          3.34258845          8.26766891
   1   2       174          1.37745653         10.48613906
   1   2       175         -7.95467011         10.48613906
   1   2       176         -3.02191936          8.15751993
   1   2       177         -1.23252998          8.41541074
   1   2       178         -0.50747060         10.48613906
   1   2       179         -1.82085028          8.10412396
   1   2       180         -6.39079123         10.48613906
   1   2       181          1.80733258         10.48613906
   1   2       182         -5.93370698         10.48613906
   1   2       183         -3.93570441          8.09457960
   1   2       184          4.57079465          8.21051263
   1   2       185         -3.00033259          8.12137607
   1   2       186         -1.07950832          7.82173087
   1   2       187         -0.75886640         10.48613906
   1   2       188         -4.03273867          7.84798592
   1   2       189         -3.25088630          7.91115538
   1   2       190         -3.22415424          8.01429976
   1   2       191         -0.08412405         10.48613906
   1   2       192         -9.53729756          8.05948450
   1   2       193         -5.70455235          8.01292335
   1   2       194         -1.57073328         10.48613906
   1   2       195          2.77217689          7.91951951
   1   2       196         -5.98403364          8.18579043
   1   2       197          0.53316681          8.53554296
   1   2       198          0.19832986          7.93305714
   1   2       199         -2.96495977          8.08011322
   1   2       200          0.60226036          8.02137933
   1   2       201          3.09369766         10.48613906
   1   2       202         -3.82350454         10.48613906
   1   2       203         -3.60856764          8.31410918
   1   2       204         -5.95695191          7.93434504
   1   2       205         -0.66844874          8.34188871
   1   2       206          3.85114981         10.48613906
   1   2       207          7.96466190          8.20089665
   1   2       208         -2.49904359          8.01337539
   1   2       209          3.08607880         10.48613906
   1   2       210          3.29503117         10.48613906
   1   2       211         -0.58141770          8.07936697
   1   2       212          1.88070431          8.32709535
   1   2       213          3.00336901         10.48613906
   1   2       214         -0.68410816          7.72633695
   1   2       215          0.80350951          8.44128966
   1   2       216          6.95299067          8.08836333
   1   2       217          0.25216026         10.48613906
   1   2       218         -0.13803164          7.75224557
   1   2       219          4.56377771          8.19310437
   1   2       220          6.30201852          7.93891012
   1   2       221         -0.20389752          8.12606315
   1   2       222          2.65441110          8.13971716
   1   2       223          5.36061396         10.48613906
   1   2       224         -0.62152381          8.11974679
   1   2       225          0.29895613         10.48613906
   1   2       226          2.45486757         10.48613906
   1   2       227          4.82517319         10.48613906
   1   2       228          4.36917746         10.48613906
   1   2       229          2.57022654         10.48613906
   1   2       230          5.39544018         10.48613906
   1   2       231         -3.94430531         10.48613906
   1   2       232         -3.05495835          8.08171392
   1   2       233         -6.23734128         10.48613906
   1   2       234          3.09478536         10.48613906
   1   2       235         -4.24140929         10.48613906
   1   2       236         -0.14180354         10.48613906
   1   2       237         -2.45007556         10.48613906
   1   2       238         -3.98130693         10.48613906
   1   2       239         -1.63952828          8.45405508
   1   2       240         -4.09993065         10.48613906
   1   2       241          1.04334927         10.48613906
   1   2       242         -4.63319437         10.48613906
   1   2       243         -5.62680792         10.48613906
   1   2       244         -2.89713547          8.44630044
   1   2       245         -2.00169870         10.48613906
   1   2       246         -8.27677513          8.19556353
   1   2       247          6.45870452         10.48613906
   1   2       248         -0.34730334          8.09754655
   1   2       249          4.52906092          7.95927384
   1   2       250          2.76975022          7.81021251
   1   2       251          2.98162056          8.07371296
   1   2       252          3.07845994         10.48613906
   1   2       253         -2.30180684          8.58786212
   1   2       254         -5.64046300          8.04933421
   1   2       255         -0.68814988          8.22434250
   1   2       256          4.49910047          8.25698651
   1   2       257         -2.48233355          8.22605488
   1   2       258          4.49324299         10.48613906
   1   2       259         -4.43730266         10.48613906
   1   2       260         -6.92296725         10.48613906
   1   2       261        -10.65772614          8.19594745
   1   2       262          3.16141111         10.51267157
   1   2       263          0.05324019         10.51267157
   1   2       264          2.00282118          7.98861994
   1   2       265          1.29824954         10.51267157
   1   2       266        -10.55102365          7.83623155
   1   2       267         -2.92262450          8.33205203
   1   2       268          0.11492183          8.19108954
   1   2       269         -1.35226469          8.38997744
   1   2       270          1.69874283         10.51267157
   1   2       271         -3.28135994          8.19781815
   1   2       272          1.01964637         10.51267157
   1   2       273          1.18506762         10.51267157
   1   2       274         -2.40630473         10.51267157
   1   2       275          0.49291216         10.51267157
   1   2       276          0.97737460          7.98000678
   1   2       277          0.27089912         10.51267157
   1   2       278          2.22319716          8.26180033
   1   2       279         -8.76816291          8.22973906
   1   2       280         -3.24692983          7.87959601
   1   2       281         -7.26566400          8.20307453
   1   2       282        -10.46839171         10.51267157
   1   2       283         -5.94669304          7.79168047
   1   2       284         -1.36041266          8.46374109
   1   2       285         -7.66929773         10.51267157
   1   2       286          1.73908980          8.52188615
   1   2       287          3.05258164         10.51267157
   1   2       288         -9.93795072          8.29078667
   1   2       289          1.44625768         10.51267157
   1   2       290         -5.92905028          8.24630559
   1   2       291          1.31148064          8.06289959
   1   2       292         -2.44624353          8.32364563
   1   2       293          0.23607455         10.51267157
   1   2       294          2.09923447         10.51267157
   1   2       295         -6.99639067          8.11713478
   1   2       296         -2.21911791         10.51267157
   1   2       297         -1.23094783         10.51267157
   1   2       298         -3.74372579          8.15147395
   1   2       299         -3.30069410          8.32461692
   1   2       300         -2.07275238          8.56620898
   1   2       301         -0.19134402          7.97277619
   1   2       302         -7.25024058          8.28873426
   1   2       303          3.19623401         10.51267157
   1   2       304          1.87722309         10.51267157
   1   2       305         -0.15468673          8.46314898
   1   2       306          3.23106024         10.51267157
   1   2       307         -5.85397233          8.44629309
   1   2       308         -1.37460186         10.51267157
   1   2       309         -3.07234218         10.51267157
   1   2       310          3.51814575          8.36527066
   1   2       311         -1.86215740         10.51267157
   1   2       312          2.67385391         10.51267157
   1   2       313         -0.02569967          8.27553905
   1   2       314          0.63268259          7.85060075
   1   2       315         -1.43164320          8.34553413
   1   2       316         -1.04811347         10.51267157
   1   2       317         -3.59472395         10.51267157
   1   2       318          1.77709852         10.51267157
   1   2       319          3.37907004         10.51267157
   1   2       320         -1.21353472         10.51267157
   1   2       321          1.82063130         10.51267157
   1   2       322         -1.53566901         10.51267157
   1   2       323         -1.20918061         10.51267157
   1   2       324         -2.30182937         10.51267157
   1   2       325         -1.89698363         10.51267157
   1   2       326         -6.68458568          8.26201477
   1   2       327          1.00223326         10.51267157
   1   2       328          4.32370900         10.51267157
   1   2       329          2.65310177          8.00671705
   1   2       330          1.97690335          8.24214574
   1   2       331        -12.27751099          8.29318098
   1   2       332          1.78044358          8.52069656
   1   2       333          3.13528978         10.51267157
   1   2       334         -5.44047075         10.51267157
   1   2       335         -9.70223300         10.51267157
   1   2       336         -4.26789258          7.99297289
   1   2       337          2.53019988         10.51267157
   1   2       338         -1.50519689         10.51267157
   1   2       339          3.32683070         10.51267157
   1   2       340        -11.32132642          8.24113559
   1   2       341          2.94810297         10.51267157
   1   2       342          2.61726212         10.51267157
   1   2       343          2.41266386         10.51267157
   1   2       344          0.66268586         10.51267157
   1   2       345         -1.15259048         10.51267157
   1   2       346          0.13595165         10.51267157
   1   2       347         -0.98716923         10.51267157
   1   2       348          4.19746642         10.51267157
   1   2       349          0.00000000         13.93305422
   1   2       350          0.00000000         13.93305422
   1   2       351          0.00000000         13.93305422
   1   2       352          0.00000000         13.93305422
   1   2       353          0.00000000         13.93305422
   1   2       354         -1.33537809          9.81573427
   1   2       355         -0.53416419         10.16519320
   1   2       356          0.00000000         13.93305422
   1   2       357          0.00000000         13.93305422
   1   2       358          0.00000000         13.93305422
   1   2       359          0.00000000         13.93305422
   1   2       360         -4.03940101          9.14996951
   1   2       361         -0.75231838          9.05422996
   1   2       362          2.39918079          9.86780200
   1   2       363         -7.43907494          9.15068504
   1   2       364          0.00000000         13.93305422
   1   2       365          1.99768369          9.35231054
   1   2       366          0.00000000         13.93305422
   1   2       367          1.83103930          9.98828686
   1   2       368          0.00000000         13.93305422
   1   2       369          0.00000000         13.93305422
   1   2       370         -4.84208497          9.49432855
   1   2       371          0.00000000         13.93305422
   1   2       372         -3.58176393          9.07450190
   1   2       373         -2.70687096          9.66543389
   1   2       374         -0.59235739          8.94569431
   1   2       375          2.27262963          9.06237554
   1   2       376          0.00000000         13.93305422
   1   2       377          4.38668381          9.46115845
   1   2       378         -3.92577662          9.44285157
   1   2       379          2.61872826          9.88513899
   1   2       380          0.00000000         13.93305422
   1   2       381          0.00000000         13.93305422
   1   2       382         -6.26220134          9.41564435
   1   2       383          0.00000000         13.93305422
   1   2       384          0.00000000         13.93305422
   1   2       385         -1.45549585          9.77057898
   1   2       386         -3.44403929          9.81719853
   1   2       387         -7.93602863          9.08728459
   1   2       388          1.51289650          9.60929681
   1   2       389         -3.26769993          9.41994525
   1   2       390          0.00000000         13.93305422
   1   2       391          0.00000000         13.93305422
   1   2       392          0.00000000         13.93305422
   1   2       393          3.53483781          9.69808032
   1   2       394          6.78461633          9.92208730
   1   2       395          0.00000000         13.93305422
   1   2       396          4.21375382          9.62533098
   1   2       397          0.00000000         13.93305422
   1   2       398          0.00000000         13.93305422
   1   2       399        -12.76882954          9.52381206
   1   2       400         -2.10300311          9.85563291
   1   2       401          0.00000000         13.93305422
   1   2       402         11.70899637          8.83310636
   1   2       403         -5.17076492          9.45711008
   1   2       404          3.88410568          9.60424612
   1   2       405          5.31600161          9.39928306
   1   2       406         -2.93773871          9.43652343
   1   2       407          3.56780758          9.82998018
   1   2       408          0.00000000         13.93305422
   1   2       409          0.00000000         13.93305422
   1   2       410          0.00000000         13.93305422
   1   2       411          0.77975514          9.39177745
   1   2       412          0.00000000         13.93305422
   1   2       413          0.00000000         13.93305422
   1   2       414          5.50262584          9.85979962
   1   2       415         12.93146309          9.55194955
   1   2       416          0.00000000         13.93305422
   1   2       417         -5.42964667         10.12251563
   1   2       418         -3.92257153          9.69594466
   1   2       419          3.51222600          9.70693976
   1   2       420          0.00000000         13.93305422
   1   2       421          1.16825756          9.77401067
   1   2       422          0.00000000         13.93305422
   1   2       423         -0.91569541          8.82886086
   1   2       424          0.00000000         13.93305422
   1   2       425          0.00000000         13.93305422
   1   2       426          1.67122416         10.16393849
   1   2       427          6.17872619         10.06513343
   1   2       428          3.56023056          9.77465134
   1   2       429          0.00000000         13.93305422
   1   2       430         -6.79292370          9.35387703
   1   2       431          4.95028631          9.58031457
   1   2       432          0.00000000         13.93305422
   1   2       433          0.00000000         13.93305422
   1   2       434         -3.87848909          9.89869137
   1   2       435          0.00000000         13.93305422
   1   2       436          0.00000000         13.93305422
   1   2       437          0.00000000         13.93305422
   1   2       438         -0.58469618          9.89320449
   1   2       439          4.97108795          9.87399767
   1   2       440          6.28482327         10.04596654
   1   2       441         -0.35438676          9.94978980
   1   2       442          2.42056210         10.04667358
   1   2       443          0.00000000         13.93305422
   1   2       444         -8.16600353          9.52383696
   1   2       445          0.00000000         13.93305422
   1   2       446          0.49331788         10.01600916
   1   2       447         -8.89598066          9.37797431
   1   2       448          0.00000000         13.93305422
   1   2       449          0.00000000         13.93305422
   1   2       450          1.88301233         10.08269364
   1   2       451          4.82012276          9.89307129
   1   2       452          3.56861571          9.93360900
   1   2       453          4.60128588         10.51075511
   1   2       454          3.04019612          9.74830687
   1   2       455          1.94722384          9.94098197
   1   2       456         -8.81664178          9.62544775
   1   2       457          0.00000000         13.93305422
   1   2       458        -12.81317155          9.76011364
   1   2       459          7.02759853          9.94623040
   1   2       460          0.00000000         13.93305422
   1   2       461         -3.25445265          9.79486933
   1   2       462         12.26818179          9.88647431
   1   2       463          3.77328966          9.58468711
   1   2       464          0.13334884         10.36741132
   1   2       465         -4.45869777          9.89808417
   1   2       466          0.00000000         13.93305422
   1   2       467          4.04789250          9.33242850
   1   2       468          0.00000000         13.93305422
   1   2       469          0.00000000         13.93305422
   1   2       470        -12.45503311          9.62987062
   1   2       471          0.00000000         13.93305422
   1   2       472          3.97988516          9.93228687
   1   2       473          0.00000000         13.93305422
   1   2       474          7.18764346         10.42196951
   1   2       475          5.07621714          9.96248175
   1   2       476         -0.09590134         10.26138775
   1   2       477         -3.61012279          9.88812369
   1   2       478          2.25843321          9.73495540
   1   2       479          1.25672164          9.58586143
   1   2       480          0.00000000         13.93305422
   1   2       481          0.00000000         13.93305422
   1   2       482          0.00000000         13.93305422
   1   2       483         -7.19806714          9.77071218
   1   2       484          0.00000000         13.93305422
   1   2       485         -6.88122608          9.43075298
   1   2       486          0.00000000         13.93305422
   1   2       487          5.74285285          9.73477557
   1   2       488          0.00000000         13.93305422
   1   2       489          3.47395403          9.86719258
   1   2       490          0.00000000         13.93305422
   1   2       491          0.00000000         13.93305422
   1   2       492          0.00000000         13.93305422
   1   2       493          0.06882042         10.10509389
   1   2       494          0.00000000         13.93305422
   1   2       495          4.75016699         10.01824102
   1   2       496          0.00000000         13.93305422
   1   2       497         -1.18446012          9.43477211
   1   2       498         -9.66652810         10.09644249
   1   2       499         -0.33108462         10.12253747
   1   2       500         -0.83296012          9.13642807
   1   2       501          0.00000000         13.93305422
   1   2       502          0.00000000         13.93305422
   1   2       503         -5.70172753          9.72014392
   1   2       504          0.41576041         10.29793689
   1   2       505         -2.52956110          9.83379946
   1   2       506          0.00000000         13.93305422
   1   2       507          4.28256357         10.09170971
   1   2       508          0.00000000         13.93305422
   1   2       509          0.40074387         10.01713364
   1   2       510         -4.32841880          9.61585651
   1   2       511          7.39883216          9.83594918
   1   2       512         -1.72451309         10.07272843
   1   2       513          0.00000000         13.93305422
   1   2       514          0.00000000         13.93305422
   1   2       515         -5.84191344          9.43051508
   1   2       516          5.89516673         10.12195875
   1   2       517          0.15571148          9.86927040
   1   2       518          0.00000000         13.93305422
   1   2       519          7.76534278          9.93933264
   1   2       520          0.00000000         13.93305422
   1   2       521         -5.33520380          9.77344480
   1   2       522         -4.80879978          9.78214252
   1   2       523         12.01175077          9.54200873
   1   2       524          0.00000000         13.93305422
   1   2       525          0.00000000         13.93305422
   1   2       526          0.00000000         13.93305422
   1   2       527          4.58539355          9.68403542
   1   2       528         11.03461758          9.91083068
   1   2       529         12.99070488          8.88017630
   1   2       530         -5.00298293         10.70273056
   1   2       531         16.21481711          8.67330002
   1   2       532          4.74630084          9.51530142
   1   2       533         -3.66855979         10.09679849
   1   2       534          1.65546971          9.78793994
   1   2       535          0.60618487          9.74546002
   1   2       536          0.00000000         13.93305422
   1   2       537          0.00000000         13.93305422
   1   2       538          0.00000000         13.93305422
   1   2       539          4.29395623          9.92065675
   1   2       540          0.00000000         13.93305422
   1   2       541          0.79880995          9.83586876
   1   2       542         -4.94025751          9.92482218
   1   2       543         -2.89692625          9.46093335
   1   2       544          8.20304836          9.47336837
   1   2       545          1.02385385          9.87329527
   1   2       546         -0.19515187          9.82925710
   1   2       547         -8.30885542          9.96350008
   1   2       548          9.14056961         10.19628748
   1   2       549          0.00000000         13.93305422
   1   2       550          0.00000000         13.93305422
   1   2       551         -2.49379674          9.92341882
   1   2       552         -2.94568586          9.98474626
   1   2       553         -5.81887372          9.77365137
   1   2       554          3.94477150         10.20354773
   1   2       555         -2.98484691          9.88509526
   1   2       556        -11.29443890          9.62412498
   1   2       557          0.00000000         13.93305422
   1   2       558          1.66000930          9.94056314
   1   2       559         -8.42576870          9.96848097
   1   2       560          4.69202859         10.04225374
   1   2       561          0.00000000         13.93305422
   1   2       562          0.00000000         13.93305422
   1   2       563         -3.34226406          9.55404220
   1   2       564          5.39412692         10.10480684
   1   2       565         -1.14383982         10.00890832
   1   2       566          6.62082325          9.92129066
   1   2       567          0.00000000         13.93305422
   1   2       568          2.38326317          9.90892579
   1   2       569          0.00000000         13.93305422
   1   2       570         -3.66058090          9.90017759
   1   2       571         -3.52306959          9.74641598
   1   2       572          3.55421568         10.10152618
   1   2       573          0.00000000         13.93305422
   1   2       574          0.00000000         13.93305422
   1   2       575         -4.93908306          9.52951370
   1   2       576         -6.32566170          9.28791257
   1   2       577         -2.61905586          9.82207265
   1   2       578          6.28530645          9.59358581
   1   2       579         -5.47669850          9.85283732
   1   2       580         -3.72312724          9.36895994
   1   2       581         15.84973949          8.41412483
   1   2       582         -0.01430590          9.71381049
   1   2       583         -5.54069491          9.68244979
   1   2       584          3.73174236          9.58508092
   1   2       585          0.00000000         13.93305422
   1   2       586          0.00000000         13.93305422
   1   2       587          1.63016448         10.22316795
   1   2       588          0.00000000         13.93305422
   1   2       589          0.00000000         13.93305422
   1   2       590          6.10613029          9.51524408
   1   2       591          8.44696032          9.97681449
   1   2       592         15.08424291          9.19900080
   1   2       593         -9.45049630          9.58177312
   1   2       594          7.65677042          9.82874662
   1   2       595         14.56547950          9.33122373
   1   2       596          0.00000000         13.93305422
   1   2       597          7.90365255          9.58278130
   1   2       598          6.35835234          9.63725596
   1   2       599         -2.81223492          9.86255778
   1   2       600          0.00000000         13.93305422
   1   2       601          5.41935790          9.77543969
   1   2       602          4.44884899          9.03729112
   1   2       603          3.65439550          9.38439788
   1   2       604         17.14086796          9.41518906
   1   2       605         -4.81534405         10.02884946
   1   2       606         13.68947041          9.74905368
   1   2       607         10.93204393          9.11082488
   1   2       608          0.00000000         13.93305422
   1   2       609          0.00000000         13.93305422
   1   2       610          0.00000000         13.93305422
   1   2       611          5.70836791          9.89071070
   1   2       612          0.00000000         13.93305422
   1   2       613          2.50066731          9.52188837
   1   2       614         -1.48445242          9.34227845
   1   2       615          4.41029445          9.55292961
   1   2       616         10.19942397          9.35235136
   1   2       617         -3.75635700          9.82543493
   1   2       618          0.74282142          9.59555910
   1   2       619         -2.41884196          9.80191951
   1   2       620          4.79018926          8.62433609
   1   2       621         -4.52593474          9.23303282
   1   2       622          0.00000000         13.93305422
   1   2       623          0.00000000         13.93305422
   1   2       624         -2.21027849          9.58516279
   1   2       625          8.24148608          9.43893769
   1   2       626         -1.90486253          9.39706789
   1   2       627          1.88926559          9.57534379
   1   2       628          0.00000000         13.93305422
   1   2       629          1.28701842         10.20668515
   1   2       630          4.45616733          9.31018602
   1   2       631         -3.09081448          9.98502675
   1   2       632          0.00000000         13.93305422
   1   2       633         -1.31553989         10.14679925
   1   2       634          3.85654356         10.04977635
   1   2       635          0.00000000         13.93305422
   1   2       636          0.00000000         13.93305422
   1   2       637          0.00000000         13.93305422
   1   2       638         12.19752542          9.46620080
   1   2       639          0.00000000         13.93305422
   1   2       640          4.42120602          9.55573003
   1   2       641         -4.03735299          9.64680113
   1   2       642          1.67533621          9.52040456
   1   2       643          6.90410085          9.49273224
   1   2       644          0.00000000         13.93305422
   1   2       645          0.00000000         13.93305422
   1   2       646         -8.81408922          9.75970255
   1   2       647         14.87207715         10.47004029
   1   2       648         16.32909438         10.47004029
   1   2       649         13.10961176          8.19890472
   1   2       650         17.23307452          8.02754322
   1   2       651         10.19223506          8.40386904
   1   2       652         16.36255140          8.22917580
   1   2       653          9.84692862          8.42922977
   1   2       654         17.28293588          8.49594320
   1   2       655         16.01152173          7.97079952
   1   2       656         15.75257189         10.47004029
   1   2       657          4.51104618          8.09412213
   1   2       658         21.72497239         10.47004029
   1   2       659         12.13976028         10.47004029
   1   2       660         22.10830166         10.47004029
   1   2       661         10.74241137          7.94359881
   1   2       662         17.35418025          8.01533877
   1   2       663         14.98253586          8.34381389
   1   2       664          9.78482307          8.62582144
   1   2       665         16.30621070          8.29780063
   1   2       666         18.93826128          8.34705255
   1   2       667         10.70938063          8.23666560
   1   2       668         24.36085870         10.47004029
   1   2       669         14.99817691         10.47004029
   1   2       670         23.03165664         10.47004029
   1   2       671         23.42057883         10.47004029
   1   2       672         20.43304926         10.47004029
   1   2       673         14.64231243          7.91640080
   1   2       674         19.94501538          8.04616066
   1   2       675         17.69208181          8.34799893
   1   2       676         16.67437770          8.18764186
   1   2       677         17.83014092         10.47004029
   1   2       678         20.77392506          8.13842635
   1   2       679         19.91380037          8.04859220
   1   2       680         20.96282681          8.38767001
   1   2       681          8.26515893          8.28691965
   1   2       682         18.01417923         10.47004029
   1   2       683         17.79074305         10.47004029
   1   2       684         14.77874446         10.47004029
   1   2       685         16.61683420         10.47004029
   1   2       686         13.58846463          8.42397364
   1   2       687         23.84772153         10.47004029
   1   2       688         22.12312755         10.47004029
   1   2       689         21.01304741         10.47004029
   1   2       690         15.79042788          8.22166401
   1   2       691         20.50914321         10.47004029
   1   2       692         19.98850176         10.47004029
   1   2       693         15.61899346          8.62078780
   1   2       694         21.60806574         10.47004029
   1   2       695         13.67994573          8.29886266
   1   2       696         10.58271110          8.41950895
   1   2       697         24.27712066          8.08955200
   1   2       698         22.91454407         10.47004029
   1   2       699         24.11917745         10.47004029
   1   2       700         22.00412521         10.47004029
   1   2       701         15.05662545          8.46568069
   1   2       702         22.10453375         10.47004029
   1   2       703         21.98891572         10.47004029
   1   2       704         20.34800798         10.47004029
   1   2       705         23.39832837         10.47004029
   1   2       706         23.40862413         10.47004029
   1   2       707         14.09939558         10.47004029
   1   2       708         22.06910140         10.47004029
   1   2       709         19.27540771         10.47004029
   1   2       710         16.41945127         10.47004029
   1   2       711         15.97396549          8.43723534
   1   2       712         21.92723086         10.47004029
   1   2       713         17.85236693          8.42812435
   1   2       714         20.37949240          8.78363456
   1   2       715         21.73760960         10.47004029
   1   2       716         14.93160987         10.47004029
   1   2       717         23.17285297         10.47004029
   1   2       718         22.19831314         10.47004029
   1   2       719         22.47508466         10.47004029
   1   2       720         22.55550946         10.47004029
   1   2       721         24.53377759         10.47004029
   1   2       722         23.14220151         10.47004029
   1   2       723         22.60664616         10.47004029
   1   2       724         19.28155860         10.47004029
   1   2       725         15.30887258          8.32202640
   1   2       726         13.70117864          7.95361651
   1   2       727         16.60274894         10.47004029
   1   2       728          9.27840969          8.16507038
   1   2       729         14.77200738         10.47004029
   1   2       730         17.04096290         10.47004029
   1   2       731          9.91740924          8.44497409
   1   2       732         24.00170951         10.47004029
   1   2       733          0.00000000         13.93305422
   1   2       734          0.00000000         13.93305422
   1   2       735         -5.60142747          9.64811436
   1   2       736          0.00000000         13.93305422
   1   2       737         -9.95090132          9.36827032
   1   2       738         -2.42586902          9.70441045
   1   2       739         -0.87860852          9.81946621
   1   2       740          0.00000000         13.93305422
   1   2       741          0.00000000         13.93305422
   1   2       742         -2.11545669          9.42496941
   1   2       743          0.00000000         13.93305422
   1   2       744          0.00000000         13.93305422
   1   2       745          0.00000000         13.93305422
   1   2       746          0.00000000         13.93305422
   1   2       747          0.00000000         13.93305422
   1   2       748         -0.04604943         10.10065202
   1   2       749          5.26175232          9.32123809
   1   2       750         -7.14790516          9.89268638
   1   2       751         -3.49488110          9.70865652
   1   2       752          7.37388261          9.91183436
   1   2       753          0.00000000         13.93305422
   1   2       754         -1.57532919          9.49921614
   1   2       755          0.00000000         13.93305422
   1   2       756        -12.46827867          9.07615649
   1   2       757          0.00000000         13.93305422
   1   2       758          2.89796075          9.47197667
   1   2       759          4.09423901         10.03950699
   1   2       760         -0.31403460          9.86997768
   1   2       761         -5.53953831          9.57918955
   1   2       762         -3.57287798          9.39798612
   1   2       763          2.45359889          9.53268932
   1   2       764         -1.00223328         10.09961791
   1   2       765          0.00000000         13.93305422
   1   2       766          0.00000000         13.93305422
   1   2       767          0.00000000         13.93305422
   1   2       768          0.00000000         13.93305422
   1   2       769          0.00000000         13.93305422
   1   2       770         -5.75266275          9.80246584
   1   2       771          0.00000000         13.93305422
   1   2       772          4.45568755         10.34037626
   1   2       773          5.24351992          9.85829120
   1   2       774          7.09608856         10.01663692
   1   2       775          7.08775968          9.50602496
   1   2       776          0.00000000         13.93305422
   1   2       777          0.00000000         13.93305422
   1   2       778          0.00000000         13.93305422
   1   2       779          0.00000000         13.93305422
   1   2       780        -12.34980742          9.15945277
   1   2       781         -7.38816509          9.41274891
   1   2       782         -0.85646655          9.81331060
   1   2       783          0.08385169         10.27591378
   1   2       784          0.00000000         13.93305422
   1   2       785          1.33711277          9.05543535
   1   2       786         -6.60330191          9.30643266
   1   2       787          0.00000000         13.93305422
   1   2       788          0.00000000         13.93305422
   1   2       789          0.00000000         13.93305422
   1   2       790          1.82368185          9.47011863
   1   2       791          0.83213034          9.92235249
   1   2       792          7.47669570          8.68384558
   1   2       793         -4.54551976          9.41606671
   1   2       794          1.70433342         10.05572934
   1   2       795          0.00000000         13.93305422
   1   2       796          0.00000000         13.93305422
   1   2       797          0.00000000         13.93305422
   1   2       798         -3.00140437          9.32415628
   1   2       799          0.00000000         13.93305422
   1   2       800          3.27265650         10.27296324
   1   2       801          0.00000000         13.93305422
   1   2       802         -2.00455740         10.55952733
   1   2       803          0.00000000         13.93305422
   1   2       804          0.00000000         13.93305422
   1   2       805          0.00000000         13.93305422
   1   2       806          2.37479583          9.64319034
   1   2       807        -12.76575356          9.27402521
   1   2       808          0.00000000         13.93305422
   1   2       809          0.00000000         13.93305422
   1   2       810          0.00000000         13.93305422
