 39.0252013 0 2 CARA 0
 48.73593555 0 3 CASINO 0
 52.67370488 0 15 INFINITY 0
 54.68077738 0 16 INNOVATOR 0
 55.63246042 0 17 MARKIES 0
 52.90993218 0 18 MAVERICK 0
 38.90254891 0 19 ORLA 0
 49.20185999 0 20 ROOSTER 0
 53.66290842 0 21 ROYAL 0
 34.45339094 0 665 T5673_11 0
 39.44093392 0 670 T5719_03 0
 55.13605598 0 728 VR808 0
 39.545 1 185 T15_179 2015
 64.69 2 262 T16_259 2016
 57.55 2 263 T16_262 2016
 61.36 2 264 T16_263 2016
 60.41 2 265 T16_264 2016
 45.24 2 266 T16_265 2016
 64.03 2 267 T16_268 2016
 52.47 2 268 T16_269 2016
 58.58 2 269 T16_270 2016
 61.33 2 270 T16_271 2016
 54.9 2 271 T16_272 2016
 59.77 2 272 T16_273 2016
 60.15 2 273 T16_275 2016
 51.9 2 274 T16_278 2016
 58.56 2 275 T16_280 2016
 56.96 2 276 T16_282 2016
 58.05 2 277 T16_283 2016
 64.78 2 278 T16_285 2016
 46.04 2 279 T16_288 2016
 51.6 2 281 T16_292 2016
 33.38 2 282 T16_293 2016
 58.14 2 283 T16_294 2016
 53.89 2 284 T16_297 2016
 39.81 2 285 T16_298 2016
 55.68 2 286 T16_299 2016
 64.44 2 287 T16_300 2016
 61.27 2 288 T16_308 2016
 56.94 2 290 T16_312 2016
 58.39 2 291 T16_313 2016
 49.14 2 292 T16_314 2016
 57.97 2 293 T16_315 2016
 62.25 2 294 T16_316 2016
 39.27 2 295 T16_324 2016
 52.33 2 296 T16_325 2016
 42.3 2 297 T16_331 2016
 63.47 2 298 T16_332 2016
 56.26 2 299 T16_338 2016
 65.61 2 300 T16_340 2016
 48.45 2 301 T16_341 2016
 64.77 2 302 T16_342 2016
 61.74 2 303 T16_343 2016
 50.35 2 304 T16_344 2016
 62.65 3 611 T17_692 2017
 25.2825 1 140 T15_133 2015
 48.8125 1 181 T15_175 2015
 53.39 1 99 T15_088 2015
 31.3425 1 96 T15_085 2015
 42.4525 1 92 T15_081 2015
 46.6 1 133 T15_125 2015
 34.555 1 189 T15_183 2015
 37.7925 1 93 T15_082 2015
 46.4625 1 95 T15_084 2015
 38.865 1 38 T15_021 2015
 56.42 1 32 T15_015 2015
 52.2625 1 118 T15_109 2015
 33.625 1 254 T15_251 2015
 35.8075 1 40 T15_023 2015
 53.69 1 136 T15_128 2015
 35.8775 1 202 T15_196 2015
 38.955 1 176 T15_170 2015
 41.72 1 103 T15_092 2015
 45.8375 1 114 T15_105 2015
 33.08 1 102 T15_091 2015
 40.2 1 94 T15_083 2015
 52.695 1 115 T15_106 2015
 45.835 1 195 T15_189 2015
 54.9825 1 258 T15_255 2015
 26.76 1 188 T15_182 2015
 52.2125 1 134 T15_126 2015
 38.9825 1 143 T15_136 2015
 52.31 1 36 T15_019 2015
 35.2675 1 100 T15_089 2015
 41.3125 1 34 T15_017 2015
 34.22 1 37 T15_020 2015
 48.2175 1 39 T15_022 2015
 33.115 1 139 T15_131 2015
 34.33 1 183 T15_177 2015
 26.3875 1 175 T15_169 2015
 58.73 1 158 T15_152 2015
 46.485 1 122 T15_113 2015
 58.08 1 172 T15_166 2015
 54.2525 1 26 T15_007 2015
 26.13 1 104 T15_093 2015
 38.455 1 98 T15_087 2015
 33.145 1 205 T15_199 2015
 31.8325 1 97 T15_086 2015
 61.6 1 251 T15_248 2015
 38.33 1 137 T15_129 2015
 54.3825 1 117 T15_108 2015
 41.0525 1 194 T15_188 2015
 51.5875 1 200 T15_194 2015
 47.92 1 197 T15_191 2015
 43.495 1 178 T15_172 2015
 53.2425 1 48 T15_034 2015
 43.3375 1 101 T15_090 2015
 43.79 1 123 T15_114 2015
 49.0675 1 248 T15_245 2015
 34.965 1 192 T15_186 2015
 50.7025 1 29 T15_012 2015
 53.3675 1 43 T15_027 2015
 56.6175 1 257 T15_254 2015
 51.16 1 116 T15_107 2015
 36.865 1 138 T15_130 2015
 48.01 1 41 T15_024 2015
 45.075 1 177 T15_171 2015
 47.655 1 82 T15_071 2015
 31.03 1 182 T15_176 2015
 29.98 1 180 T15_174 2015
 43.58 1 203 T15_197 2015
 55.535 1 171 T15_165 2015
 29.925 1 105 T15_094 2015
 48.855 1 30 T15_013 2015
 44.38 1 193 T15_187 2015
 45.5075 1 35 T15_018 2015
 55.745 1 227 T15_221 2015
 35.26 1 144 T15_137 2015
 51.88 1 161 T15_155 2015
 45.24 1 217 T15_211 2015
 56.0125 1 44 T15_028 2015
 51.5475 1 199 T15_193 2015
 39.4475 1 196 T15_190 2015
 53.815 1 24 T15_005 2015
 40.0975 1 239 T15_235 2015
 58.9575 1 162 T15_156 2015
 25.6925 1 66 T15_054 2015
 37.4425 1 60 T15_048 2015
 59.82 1 156 T15_150 2015
 54.9775 1 159 T15_153 2015
 50.87 1 28 T15_011 2015
 31.5575 1 74 T15_063 2015
 32.05 1 244 T15_241 2015
 35.515 1 238 T15_233 2015
 49.345 1 214 T15_208 2015
 34.0175 1 242 T15_239 2015
 52.59 1 31 T15_014 2015
 49.865 1 45 T15_029 2015
 33.555 1 52 T15_039 2015
 52.23 1 210 T15_204 2015
 31.3775 1 62 T15_050 2015
 26.78 1 110 T15_101 2015
 36.7825 1 106 T15_096 2015
 29.9025 1 63 T15_051 2015
 47.1125 1 119 T15_110 2015
 57.36 1 204 T15_198 2015
 56.71 1 173 T15_167 2015
 51.4975 1 155 T15_148 2015
 43.515 1 120 T15_111 2015
 30.64 1 141 T15_134 2015
 38.185 1 89 T15_078 2015
 40.255 1 121 T15_112 2015
 54.0075 1 135 T15_127 2015
 40.345 1 57 T15_045 2015
 32.6775 1 232 T15_226 2015
 53.9225 1 170 T15_164 2015
 33.66 1 69 T15_058 2015
 44.6075 1 58 T15_046 2015
 45.0475 1 179 T15_173 2015
 51.1225 1 169 T15_163 2015
 33.3075 1 186 T15_180 2015
 42.9175 1 187 T15_181 2015
 45.11 1 190 T15_184 2015
 34.295 1 184 T15_178 2015
 44.4675 1 191 T15_185 2015
 34.9175 1 235 T15_230 2015
 30.3325 1 233 T15_227 2015
 41.995 1 130 T15_122 2015
 47.825 1 174 T15_168 2015
 43.0025 1 207 T15_201 2015
 49.82 1 208 T15_202 2015
 57.9075 1 249 T15_246 2015
 36.47 1 246 T15_243 2015
 51.7675 1 201 T15_195 2015
 56.645 1 256 T15_253 2015
 51.7325 1 252 T15_249 2015
 50.565 1 229 T15_223 2015
 25.5375 1 72 T15_061 2015
 56.9875 1 149 T15_142 2015
 53.96 1 81 T15_070 2015
 36.8825 1 255 T15_252 2015
 47.845 1 198 T15_192 2015
 59.4975 1 247 T15_244 2015
 42.63 1 83 T15_072 2015
 53.5075 1 206 T15_200 2015
 39.195 1 253 T15_250 2015
 34.4675 1 259 T15_256 2015
 37.6525 1 147 T15_140 2015
 50.4225 1 212 T15_206 2015
 58.485 1 163 T15_157 2015
 57.9775 1 166 T15_160 2015
 59.3525 1 250 T15_247 2015
 40.2325 1 132 T15_124 2015
 57.745 1 221 T15_215 2015
 56.8225 1 224 T15_218 2015
 56.14 1 129 T15_121 2015
 27.02 1 70 T15_059 2015
 29.7675 1 126 T15_118 2015
 48.2675 1 142 T15_135 2015
 51.2475 1 87 T15_076 2015
 26.935 1 65 T15_053 2015
 59.925 1 152 T15_145 2015
 63.335 1 25 T15_006 2015
 60.2325 1 153 T15_146 2015
 49.235 1 124 T15_116 2015
 32.125 1 67 T15_055 2015
 48.9175 1 53 T15_040 2015
 55.2475 1 108 T15_099 2015
 52.82 1 148 T15_141 2015
 27.63 1 75 T15_064 2015
 53.3025 1 219 T15_213 2015
 51.8125 1 150 T15_143 2015
 43.775 1 68 T15_056 2015
 52.6775 1 42 T15_026 2015
 57.4775 1 160 T15_154 2015
 61.0825 1 164 T15_158 2015
 29.5625 1 128 T15_120 2015
 50.3 1 226 T15_220 2015
 32.4275 1 88 T15_077 2015
 39.0325 1 237 T15_232 2015
 34.4825 1 76 T15_065 2015
 44.335 1 236 T15_231 2015
 24.615 1 59 T15_047 2015
 38.0175 1 127 T15_119 2015
 30.3 1 78 T15_067 2015
 37.565 1 109 T15_100 2015
 43.6275 1 49 T15_036 2015
 30.5725 1 80 T15_069 2015
 56.975 1 223 T15_217 2015
 50.8375 1 77 T15_066 2015
 51.3175 1 85 T15_074 2015
 57.055 1 230 T15_224 2015
 35.6 1 231 T15_225 2015
 50.465 1 168 T15_162 2015
 58.0025 1 220 T15_214 2015
 37.9575 1 61 T15_049 2015
 30.33 1 91 T15_080 2015
 62.03 3 548 T17_627 2017
 63.04 3 558 T17_637 2017
 60.17 3 586 T17_666 2017
 35.2425 1 240 T15_236 2015
 28.7575 1 260 T15_257 2015
 53.955 1 167 T15_161 2015
 37.6575 1 56 T15_044 2015
 39.3475 1 113 T15_104 2015
 49.1225 1 55 T15_043 2015
 36.42 3 550 T17_629 2017
 51.07 3 532 T17_611 2017
 55.63 3 540 T17_619 2017
 63.44 3 549 T17_628 2017
 44.18 3 559 T17_638 2017
 60.64 3 585 T17_665 2017
 55.1425 1 218 T15_212 2015
 50.2625 1 216 T15_210 2015
 46.5075 1 125 T15_117 2015
 51.56 1 213 T15_207 2015
 30.7875 1 79 T15_068 2015
 45.3475 1 225 T15_219 2015
 54.5 3 551 T17_630 2017
 43.51 3 533 T17_612 2017
 49.61 3 541 T17_620 2017
 55.47 3 552 T17_631 2017
 58.54 3 560 T17_640 2017
 53.54 3 584 T17_664 2017
 53.5675 1 222 T15_216 2015
 33.41 1 107 T15_097 2015
 54.3325 1 50 T15_037 2015
 32.2925 1 73 T15_062 2015
 46.93 1 86 T15_075 2015
 60.36 3 502 T17_580 2017
 51.41 3 574 T17_654 2017
 55.51 3 534 T17_613 2017
 57.14 3 542 T17_621 2017
 63.74 3 553 T17_632 2017
 59.28 3 590 T17_671 2017
 37.68 3 582 T17_662 2017
 33.3675 1 112 T15_103 2015
 33.2325 1 146 T15_139 2015
 35.6725 1 111 T15_102 2015
 28.9475 1 71 T15_060 2015
 54.6975 1 228 T15_222 2015
 56.9125 1 215 T15_209 2015
 55.52 3 575 T17_655 2017
 55.6 3 535 T17_614 2017
 56.19 3 543 T17_622 2017
 56.55 3 554 T17_633 2017
 47.72 3 589 T17_670 2017
 48.13 3 581 T17_661 2017
 27.215 1 261 T15_258 2015
 54.885 1 90 T15_079 2015
 55.78 1 27 T15_010 2015
 39.83 1 211 T15_205 2015
 52.6675 1 47 T15_031 2015
 54.825 1 51 T15_038 2015
 56.85 3 576 T17_656 2017
 50.9 3 536 T17_615 2017
 55.69 3 544 T17_623 2017
 55.16 3 555 T17_634 2017
 56.96 3 588 T17_669 2017
 40.74 3 580 T17_660 2017
 57.2225 1 157 T15_151 2015
 31.7225 1 54 T15_042 2015
 31.735 1 243 T15_240 2015
 56.4275 1 165 T15_159 2015
 47.0575 1 241 T15_237 2015
 51.75 1 209 T15_203 2015
 55.04 3 577 T17_657 2017
 58.49 3 537 T17_616 2017
 54.98 3 545 T17_624 2017
 57.4 3 556 T17_635 2017
 57.71 3 587 T17_668 2017
 35.81 3 579 T17_659 2017
 55.1675 1 33 T15_016 2015
 55.5375 1 151 T15_144 2015
 58.4175 1 154 T15_147 2015
 47.5925 1 46 T15_030 2015
 59.25 3 503 T17_581 2017
 33.905 1 145 T15_138 2015
 59.26 3 578 T17_658 2017
 50.36 3 538 T17_617 2017
 53.13 3 546 T17_625 2017
 63.23 3 557 T17_636 2017
 40.1 3 573 T17_653 2017
 51.77 1 234 T15_229 2015
 43.9675 1 131 T15_123 2015
 37.0375 1 64 T15_052 2015
 63.07 3 504 T17_582 2017
 40.0625 1 245 T15_242 2015
 49.995 1 84 T15_073 2015
 51.16 3 531 T17_610 2017
 55.87 3 539 T17_618 2017
 60.52 3 547 T17_626 2017
 58.5 3 620 T17_701 2017
 62.05 3 628 T17_709 2017
 48.87 3 353 T17_430 2017
 48.02 3 572 T17_652 2017
 54.55 3 564 T17_644 2017
 35.93 3 595 T17_676 2017
 51.81 3 603 T17_684 2017
 55.18 3 463 T17_541 2017
 63.12 3 455 T17_533 2017
 35.19 3 447 T17_525 2017
 51.08 3 439 T17_517 2017
 61.34 3 501 T17_579 2017
 60.34 3 621 T17_702 2017
 51.05 3 629 T17_710 2017
 55.11 3 352 T17_429 2017
 34.04 3 571 T17_651 2017
 56.93 3 563 T17_643 2017
 42.7 3 596 T17_677 2017
 34.8 3 604 T17_685 2017
 53.14 3 462 T17_540 2017
 54.52 3 454 T17_532 2017
 65.37 3 446 T17_524 2017
 61.07 3 618 T17_699 2017
 63.01 3 610 T17_691 2017
 60.05 3 622 T17_703 2017
 55.4 3 630 T17_711 2017
 39.32 3 351 T17_428 2017
 58.01 3 570 T17_650 2017
 62.39 3 562 T17_642 2017
 53.39 3 597 T17_678 2017
 55.64 3 469 T17_547 2017
 61.26 3 461 T17_539 2017
 55.88 3 453 T17_531 2017
 53.25 3 445 T17_523 2017
 55 3 617 T17_698 2017
 59.43 3 609 T17_690 2017
 59.05 3 623 T17_704 2017
 58.72 3 631 T17_712 2017
 47.26 3 350 T17_427 2017
 41.46 3 569 T17_649 2017
 45.88 3 561 T17_641 2017
 35.94 3 598 T17_679 2017
 57.65 3 468 T17_546 2017
 55.52 3 460 T17_538 2017
 61.61 3 452 T17_530 2017
 44.7 3 444 T17_522 2017
 62.62 3 616 T17_697 2017
 46.15 3 608 T17_689 2017
 56.45 3 624 T17_705 2017
 49.88 3 632 T17_713 2017
 45.39 3 349 T17_426 2017
 51.4 3 568 T17_648 2017
 60.33 3 591 T17_672 2017
 51.81 3 599 T17_680 2017
 50.71 3 467 T17_545 2017
 57.79 3 459 T17_537 2017
 63.4 3 451 T17_529 2017
 51.07 3 443 T17_521 2017
 60.09 3 615 T17_696 2017
 58.75 3 607 T17_688 2017
 59.08 3 625 T17_706 2017
 49.23 3 356 T17_433 2017
 33.68 3 348 T17_425 2017
 48.69 3 567 T17_647 2017
 35.96 3 592 T17_673 2017
 61.19 3 600 T17_681 2017
 58.39 3 466 T17_544 2017
 32.64 3 458 T17_536 2017
 63.73 3 450 T17_528 2017
 45.63 3 442 T17_520 2017
 62.57 3 614 T17_695 2017
 31.81 3 606 T17_687 2017
 59.36 3 626 T17_707 2017
 42.96 3 355 T17_432 2017
 61.21 3 643 T17_724 2017
 53.5 3 566 T17_646 2017
 29.78 3 593 T17_674 2017
 42.87 3 601 T17_682 2017
 45.77 3 465 T17_543 2017
 56.99 3 457 T17_535 2017
 60.53 3 449 T17_527 2017
 50.18 3 441 T17_519 2017
 61.52 3 613 T17_694 2017
 31.55 3 605 T17_686 2017
 59.71 3 627 T17_708 2017
 57.08 3 354 T17_431 2017
 53.24 3 642 T17_723 2017
 56.79 3 565 T17_645 2017
 35.2 3 594 T17_675 2017
 35.59 3 602 T17_683 2017
 58.98 3 464 T17_542 2017
 57.17 3 456 T17_534 2017
 49.22 3 448 T17_526 2017
 41.58 3 440 T17_518 2017
 61.14 3 612 T17_693 2017
 50.97 3 619 T17_700 2017
 47.11 3 364 T17_441 2017
 49.35 3 380 T17_457 2017
 49.45 3 415 T17_492 2017
 50.47 3 641 T17_722 2017
 61.23 3 633 T17_714 2017
 58.57 3 482 T17_560 2017
 56.98 3 420 T17_497 2017
 48.34 3 409 T17_486 2017
 41.66 3 400 T17_477 2017
 41.39 3 392 T17_469 2017
 34.08 3 583 T17_663 2017
 51.29 3 365 T17_442 2017
 39.08 3 366 T17_443 2017
 43.43 3 381 T17_458 2017
 49.25 3 416 T17_493 2017
 56.36 3 640 T17_721 2017
 61.77 3 474 T17_552 2017
 60.44 3 483 T17_561 2017
 45.98 3 408 T17_485 2017
 54.1 3 399 T17_476 2017
 44.13 3 391 T17_468 2017
 47.81 3 357 T17_434 2017
 48.44 3 367 T17_444 2017
 41.7 3 370 T17_447 2017
 40.87 3 382 T17_459 2017
 48.31 3 417 T17_494 2017
 47.54 3 639 T17_720 2017
 53.33 3 475 T17_553 2017
 58.97 3 484 T17_562 2017
 42.82 3 431 T17_509 2017
 51.55 3 407 T17_484 2017
 47.76 3 398 T17_475 2017
 55.95 3 390 T17_467 2017
 52.81 3 358 T17_435 2017
 47.91 3 368 T17_445 2017
 34.66 3 375 T17_452 2017
 55.46 3 383 T17_460 2017
 61.27 3 418 T17_495 2017
 59.77 3 638 T17_719 2017
 58.54 3 476 T17_554 2017
 57.93 3 485 T17_563 2017
 53.34 3 433 T17_511 2017
 46.97 3 406 T17_483 2017
 61.22 3 397 T17_474 2017
 49.33 3 389 T17_466 2017
 49.56 3 359 T17_436 2017
 36.45 3 369 T17_446 2017
 37.39 3 376 T17_453 2017
 57.97 3 384 T17_461 2017
 57.06 3 419 T17_496 2017
 52.48 3 637 T17_718 2017
 53.59 3 477 T17_555 2017
 37.48 3 486 T17_564 2017
 42.4 3 436 T17_514 2017
 42.77 3 405 T17_482 2017
 56.27 3 396 T17_473 2017
 41.02 3 388 T17_465 2017
 51.62 3 360 T17_437 2017
 41.38 3 371 T17_448 2017
 46.47 3 377 T17_454 2017
 49.35 3 404 T17_481 2017
 50.28 3 421 T17_498 2017
 46.13 3 636 T17_717 2017
 61.22 3 478 T17_556 2017
 46.14 3 487 T17_565 2017
 39.94 3 412 T17_489 2017
 46.76 3 395 T17_472 2017
 54.08 3 387 T17_464 2017
 48.34 3 361 T17_438 2017
 41.37 3 372 T17_449 2017
 49.25 3 378 T17_455 2017
 54.39 3 403 T17_480 2017
 60.5 3 422 T17_499 2017
 55.21 3 635 T17_716 2017
 60.18 3 480 T17_558 2017
 40.87 3 488 T17_566 2017
 56.41 3 411 T17_488 2017
 38.65 3 402 T17_479 2017
 55.68 3 394 T17_471 2017
 59.96 3 386 T17_463 2017
 54.8 3 362 T17_439 2017
 48.88 3 373 T17_450 2017
 54.56 3 379 T17_456 2017
 56.85 3 413 T17_490 2017
 39.83 3 423 T17_500 2017
 46.6 3 634 T17_715 2017
 59.05 3 481 T17_559 2017
 32.82 3 414 T17_491 2017
 50.53 3 410 T17_487 2017
 55.85 3 401 T17_478 2017
 53.15 3 393 T17_470 2017
 47.62 3 385 T17_462 2017
 45.22 3 363 T17_440 2017
 43.27 3 374 T17_451 2017
 59.29 2 309 T16_349 2016
 52.52 3 424 T17_502 2017
 45.3 3 434 T17_512 2017
 54.08 3 479 T17_557 2017
 58.69 3 496 T17_574 2017
 47.19 3 527 T17_606 2017
 60.82 3 520 T17_598 2017
 58.33 3 512 T17_590 2017
 64.85 2 305 T16_345 2016
 50.37 2 308 T16_348 2016
 55.02 2 315 T16_358 2016
 49.17 2 316 T16_359 2016
 56.08 3 425 T17_503 2017
 52.01 3 435 T17_513 2017
 34.08 3 489 T17_567 2017
 62.66 3 497 T17_575 2017
 42.3 3 526 T17_605 2017
 61.08 3 519 T17_597 2017
 60.52 3 511 T17_589 2017
 63.68 2 314 T16_357 2016
 54.64 2 319 T16_367 2016
 63.54 2 313 T16_356 2016
 53.38 3 426 T17_504 2017
 31.23 3 437 T17_515 2017
 37.19 3 490 T17_568 2017
 60.44 3 498 T17_576 2017
 37.04 3 525 T17_604 2017
 57.31 3 518 T17_596 2017
 61.93 3 510 T17_588 2017
 61.51 2 317 T16_364 2016
 65.19 2 318 T16_365 2016
 61.13 3 427 T17_505 2017
 32.86 3 438 T17_516 2017
 44.43 3 491 T17_569 2017
 62.7 3 499 T17_577 2017
 45.64 3 524 T17_603 2017
 58.72 3 517 T17_595 2017
 60.59 3 509 T17_587 2017
 52.14 2 323 T16_377 2016
 41.22 2 330 T16_389 2016
 56.07 3 428 T17_506 2017
 31.51 3 470 T17_548 2017
 49.91 3 492 T17_570 2017
 60.12 3 500 T17_578 2017
 38.13 3 523 T17_602 2017
 53.92 3 516 T17_594 2017
 58.73 3 508 T17_586 2017
 67.36 2 327 T16_384 2016
 59.41 2 329 T16_386 2016
 63.24 2 336 T16_397 2016
 53.97 2 337 T16_398 2016
 59.42 2 280 T16_291 2016
 33.24 3 429 T17_507 2017
 49.52 3 471 T17_549 2017
 41.17 3 493 T17_571 2017
 55.04 3 530 T17_609 2017
 57.37 3 522 T17_601 2017
 62.27 3 515 T17_593 2017
 52.39 3 507 T17_585 2017
 58.99 2 335 T16_396 2016
 35.73 2 306 T16_346 2016
 30.46 3 430 T17_508 2017
 43.64 3 472 T17_550 2017
 42.52 3 494 T17_572 2017
 55.59 3 529 T17_608 2017
 61.68 3 521 T17_600 2017
 51.5 3 514 T17_592 2017
 53.55 3 506 T17_584 2017
 43.55 2 339 T16_404 2016
 63.44 2 341 T16_407 2016
 54.78 2 344 T16_418 2016
 57.74 2 345 T16_419 2016
 55.16 2 346 T16_420 2016
 35.62 3 432 T17_510 2017
 34.21 3 473 T17_551 2017
 59.21 3 495 T17_573 2017
 61.6 3 528 T17_607 2017
 57.58 3 513 T17_591 2017
 63.66 3 505 T17_583 2017
 58.95 2 343 T16_415 2016
 50.77791664 0 698 T6166_06 0
 39.29277358 0 709 T6363_02 0
 34.30047502 0 712 T6374_23 0
 53.15 2 310 T16_352 2016
 63.57 2 311 T16_354 2016
 54.27 2 307 T16_347 2016
 50.37062093 0 708 T6335_18 0
 53.16161692 0 718 T6413_02 0
 45.20824203 0 722 T6492_03 0
 35.1291797 0 648 T5051_13 0
 52.94221135 0 689 T6055_04 0
 52.52604977 0 693 T6091_07 0
 49.63744417 0 690 T6059_01 0
 53.9 2 321 T16_375 2016
 56.35830639 0 717 T6408_01 0
 48.27058578 0 685 T5993_30 0
 49.3653146 0 6 ET6001_02 0
 50.52524071 0 651 T5233_07 0
 44.2930555 0 720 T6462_03 0
 49.90599735 0 654 T5343_05 0
 36.74921784 0 663 T5653_11 0
 50.82063096 0 684 T5940_12 0
 61.61 2 320 T16_371 2016
 47.84957446 0 691 T6064_14 0
 53.74998291 0 701 T6218_01 0
 51.57752324 0 5 ET5999_11 0
 49.55140858 0 13 GRAVITY 0
 54.78231635 0 683 T5939_01 0
 55.49787388 0 650 T5211_97 0
 40.34666345 0 657 T5477_30 0
 44.70162386 0 8 ET6123_89 0
 38.13936945 0 723 T6492_04 0
 53.07 2 324 T16_381 2016
 38.18 2 325 T16_382 2016
 59.73 2 326 T16_383 2016
 54.65 2 322 T16_376 2016
 43.08213251 0 23 SPUNTA 0
 47.11302758 0 687 T6040_01 0
 48.15181007 0 707 T6335_03 0
 46.26202709 0 11 ET6198_173 0
 40.95889869 0 673 T5807_04 0
 51.81388392 0 716 T6390_40 0
 54.74831909 0 1 ANTARCTICA 0
 51.93135536 0 719 T6423_14 0
 60.75 2 289 T16_310 2016
 49.38 2 331 T16_392 2016
 64.63 2 332 T16_393 2016
 63.9 2 328 T16_385 2016
 40.86839537 0 679 T5822_10 0
 33.94931815 0 680 T5845_01 0
 34.2254426 0 653 T5339_12 0
 52.63864905 0 694 T6091_09 0
 39.14602204 0 726 T8080_01 0
 32.3887351 0 703 T6224_08 0
 49.93502828 0 711 T6374_12 0
 49.37991511 0 721 T6492_02 0
 65.07 2 338 T16_402 2016
 35.14 2 334 T16_395 2016
 53.16479946 0 10 ET6198_14 0
 40.59794603 0 658 T5572_26 0
 50.78657327 0 656 T5472_06 0
 52.43342078 0 647 T5049A_09 0
 46.93823032 0 668 T5699_27 0
 38.56100793 0 649 T5080_06 0
 50.99334202 0 714 T6377_06 0
 40.02786975 0 14 IMAGINE 0
 64.58 2 312 T16_355 2016
 62.97 2 342 T16_414 2016
 64.2 2 340 T16_406 2016
 50.51232323 0 699 T6191_09 0
 45.9170265 0 688 T6049_08 0
 44.78362551 0 686 T6007_10 0
 50.22755658 0 659 T5600_35 0
 31.65647525 0 661 T5626_10 0
 33.93384181 0 725 T7316_04 0
 38.17172723 0 681 T5865_01 0
 30.05072252 0 646 T4164_05 0
 67.07 2 347 T16_422 2016
 44.93 2 333 T16_394 2016
 50.54725928 0 696 T6126_10 0
 42.28565804 0 692 T6072_01 0
 53.2320281 0 713 T6374_29 0
 46.18542125 0 671 T5763_06 0
 48.80293017 0 697 T6166_05 0
 35.7299722 0 677 T5821_11 0
 32.72464075 0 12 FANDANGO 0
 47.25238928 0 669 T5704_14 0
 37.45336316 0 724 T7315_3_01 0
 44.27892764 0 705 T6276_10 0
 51.62913672 0 715 T6379_01 0
 54.83876438 0 22 SETANTA 0
 34.16371914 0 644 T2472_35 0
 55.40589869 0 695 T6091_17 0
 47.79208166 0 9 ET6198_122 0
 36.18636618 0 652 T5269_33 0
 37.51073902 0 645 T2707_01 0
 52.90767629 0 666 T5677_09 0
 38.35282685 0 727 TORNADO 0
 46.38106683 0 674 T5820_12 0
 55.96108162 0 664 T5661_38 0
 46.69085711 0 7 ET6123_82 0
 39.03018319 0 4 DESIREE 0
 46.93744853 0 675 T5820_13 0
 53.77363769 0 702 T6223_04 0
 53.80109702 0 667 T5690A_31 0
 46.74287382 0 700 T6198_01 0
 42.5392102 0 672 T5773_08 0
 50.69652096 0 704 T6225_02 0
 50.18334787 0 676 T5821_05 0
 52.17050531 0 682 T5937_08 0
 41.38166851 0 678 T5822_09 0
 37.71830287 0 706 T6294_02 0
 38.77992147 0 662 T5653_08 0
 32.66438352 0 660 T5608_30 0
 27.88711764 0 655 T5384_02 0
 52.9751482 0 710 T6364_02 0
