trait/effect level  solution          s.e.
   1   1         1         44.38156617          1.27480638
   1   1         2         56.19312943          2.10525550
   1   1         3         51.46471070          1.13925235
   1   2         1          9.54062794          7.87197972
   1   2         2          2.00707293          4.27651387
   1   2         3          1.42589070          3.22551705
   1   2         4          3.05578458          5.27645157
   1   2         5         12.18756201          9.16661640
   1   2         6          1.65506819          3.45285124
   1   2         7          1.86202193          3.76580085
   1   2         8          2.57212231          4.52340052
   1   2         9          1.78610001          3.64548904
   1   2        10          3.78272862          5.03003934
   1   2        11          1.50017559          3.39578035
   1   2        12          1.73609988          4.34340965
   1   2        13          2.85268570          4.52459638
   1   2        14          2.31073215          4.53079527
   1   2        15          2.32492583          3.96176298
   1   2        16          2.94626627          4.37723163
   1   2        17          2.37074174          3.89277105
   1   2        18          5.27067870          5.95176190
   1   2        19          1.79604534          4.05182323
   1   2        20          2.78289451          4.48475264
   1   2        21          5.67146766          6.13043808
   1   2        22          2.37925775          3.92787622
   1   2        23          2.27701994          4.33526539
   1   2        24          0.55864907          4.58959440
   1   2        25          2.24768772          6.49564941
   1   2        26          0.71176087          5.06454445
   1   2        27          0.60309956          4.33815751
   1   2        28          0.72332446          6.29778965
   1   2        29          0.33377531          4.33380911
   1   2        30          0.29772733          4.86559304
   1   2        31          0.23457038          3.18798057
   1   2        32          0.40992824          3.48003510
   1   2        33          1.71002903          7.51122947
   1   2        34         -0.08722658          3.17929168
   1   2        35          0.03775108          3.45320568
   1   2        36          0.47605700          4.62142799
   1   2        37         -0.59533763          4.56499575
   1   2        38         -0.26695292          4.14869861
   1   2        39          0.14936710          3.72144416
   1   2        40         -0.22362430          3.04559963
   1   2        41          0.17868920          4.18523058
   1   2        42          1.77977517          8.73863425
   1   2        43          0.98364425          6.24060787
   1   2        44          1.43710542          6.63041126
   1   2        45          0.16871761          3.30799805
   1   2        46          0.61189005          8.23551963
   1   2        47          0.41667393          4.22919996
   1   2        48          1.47944644          7.70826033
   1   2        49         -0.08863725          6.46696514
   1   2        50          0.33228900          3.44619674
   1   2        51          0.75289471          5.06404849
   1   2        52         -2.41010136          8.90172087
   1   2        53          0.12515427          3.13254818
   1   2        54         -0.65015301          4.27404205
   1   2        55          0.12581807          3.07218040
   1   2        56         -0.44343674          4.84335385
   1   2        57         -0.10806623          3.08564869
   1   2        58          0.04307619          8.23758198
   1   2        59         -0.61994099          3.33980843
   1   2        60         -0.41666125          4.62148482
   1   2        61         -0.20125244          3.33793250
   1   2        62         -0.55869985          3.90906786
   1   2        63         -1.60316143          6.27637785
   1   2        64         -2.60601313         11.24223605
   1   2        65         -0.52128142          3.25980528
   1   2        66         -0.60398590          3.39025632
   1   2        67         -0.80780208          4.84188365
   1   2        68         -0.03744444          4.68594572
   1   2        69         -0.38262655          3.56266284
   1   2        70         -9.19237768         13.73805223
   1   2        71         -0.85772889          4.44601438
   1   2        72         -0.61350677          3.40279321
   1   2        73         -0.30639586          3.00227925
   1   2        74         -0.40680061          3.35884755
   1   2        75         -0.93254765          4.44983503
   1   2        76         -0.85795420          5.55266879
   1   2        77          0.21639306          3.45267911
   1   2        78         -1.62295689          6.40358566
   1   2        79         -1.22039226          5.65125608
   1   2        80         -0.39245789          3.17924106
   1   2        81          0.58637500          4.66640161
   1   2        82          0.71803635          8.83629004
   1   2        83         -0.13808796          5.29570600
   1   2        84          0.18884089          3.45897970
   1   2        85          1.88035026          9.82463947
   1   2        86          0.11985347          4.08993244
   1   2        87          0.28963148          3.87343049
   1   2        88         -0.39017652          3.40710905
   1   2        89         -0.26608727          3.90804936
   1   2        90          0.90665012          5.54141614
   1   2        91         -0.51126671          3.59731420
   1   2        92         -0.07649900          3.75555804
   1   2        93         -0.20684029          3.34131671
   1   2        94         -0.16105330          3.70113105
   1   2        95          0.53828179          9.59650240
   1   2        96         -0.53903939          3.83450152
   1   2        97         -0.42245386          3.46017627
   1   2        98         -0.33637654          4.49312544
   1   2        99          0.25883335          3.19664842
   1   2       100         -0.63189267          4.96609795
   1   2       101         -0.04508136          3.91884886
   1   2       102         -1.16090716          6.04522202
   1   2       103         -0.54756956          8.55728623
   1   2       104         -0.64071478          3.53344229
   1   2       105         -0.58228024          3.78489889
   1   2       106         -0.43865547          4.53126907
   1   2       107         -2.58359744          9.15572090
   1   2       108          0.49729919          4.03461046
   1   2       109         -2.37662831         11.14357045
   1   2       110         -0.53954155          3.30177970
   1   2       111         -0.74087036          5.50111357
   1   2       112         -0.46860823          3.89004133
   1   2       113         -0.53698633          6.16039922
   1   2       114          0.05548771          3.68167997
   1   2       115          0.39329281          4.10199953
   1   2       116          0.48285180          5.03377507
   1   2       117          2.87581332         10.11873283
   1   2       118          0.31607161          3.77680493
   1   2       119          0.17983113          4.83975223
   1   2       120         -0.02511878          3.21076031
   1   2       121         -0.30175986          5.10023065
   1   2       122          0.32070129          7.36576725
   1   2       123         -0.01633221          3.13349827
   1   2       124          0.13449605          3.13934141
   1   2       125          0.07651922          3.57789020
   1   2       126         -2.45242619          7.72786959
   1   2       127         -0.27079801          3.89025935
   1   2       128         -0.92098984          4.70175013
   1   2       129          0.47452958          3.78859199
   1   2       130         -0.15745291          4.84434252
   1   2       131         -0.01617386          3.72727145
   1   2       132         -0.15123048          3.60048853
   1   2       133          0.10391736          4.08176794
   1   2       134          0.47498650          4.64488402
   1   2       135          0.27847760          3.20762277
   1   2       136          1.02916960          6.27185151
   1   2       137         -0.28595401          4.09960514
   1   2       138         -1.87304170          9.41872367
   1   2       139         -0.46423427          3.82819992
   1   2       140         -2.81297838          7.23942564
   1   2       141         -0.75429986          4.41864621
   1   2       142          0.15952864          3.82114164
   1   2       143         -0.38524430          5.03802583
   1   2       144         -0.30780535          3.46431758
   1   2       145         -1.11261015          6.14678814
   1   2       146         -0.35521761          3.36620418
   1   2       147         -0.25912540          3.70080915
   1   2       148          0.80733649          5.83407723
   1   2       149          0.57440396          4.02575466
   1   2       150          0.46575384          4.72171309
   1   2       151          0.49951252          3.99066766
   1   2       152          2.93617239          8.19946582
   1   2       153          3.15156773          8.41228580
   1   2       154          0.62898994          3.99233102
   1   2       155          0.25331131          3.55817660
   1   2       156          0.87536361          4.49086258
   1   2       157          0.88568900          4.95326586
   1   2       158          4.25682351         10.27816707
   1   2       159          0.42403848          3.77271141
   1   2       160          2.92942924          8.92331048
   1   2       161          1.91525063          9.53590021
   1   2       162          1.18502607          5.37783278
   1   2       163          0.60502693          3.90614495
   1   2       164          0.89012404          4.35400218
   1   2       165          0.47551063          3.74696723
   1   2       166          1.95832203          7.15914716
   1   2       167          0.49410090          4.28455774
   1   2       168          0.33909035          4.45265968
   1   2       169          0.23648968          3.53233356
   1   2       170          0.44079554          4.05368373
   1   2       171          0.83218225          5.15180999
   1   2       172          0.43260857          3.35138474
   1   2       173          0.34817114          3.16921241
   1   2       174          0.19969049          4.54172870
   1   2       175         -1.23607737          4.94318900
   1   2       176         -0.26280076          4.15030262
   1   2       177          0.05261536          5.19528843
   1   2       178         -0.03318028          3.64839794
   1   2       179          0.03293471          4.19412288
   1   2       180         -3.33831054          9.08383609
   1   2       181          0.13534527          3.29598399
   1   2       182         -0.86279025          4.79436965
   1   2       183         -0.55316651          4.42432065
   1   2       184         -0.82858074          5.40577653
   1   2       185         -0.16445847          3.47755567
   1   2       186         -0.63301969          4.50912866
   1   2       187         -0.12668529          5.54816545
   1   2       188         -1.59920441          5.68199253
   1   2       189         -0.48809541          4.20321533
   1   2       190          0.02583920          3.55189717
   1   2       191          0.00217279          2.99871781
   1   2       192         -0.59770645          4.75161835
   1   2       193         -0.00004184          3.08352601
   1   2       194         -0.67924029          8.52184986
   1   2       195          0.07163602          4.18695218
   1   2       196         -0.93835346          8.22716479
   1   2       197          0.69890384          8.38455634
   1   2       198          0.13387417          3.70778119
   1   2       199          0.38309287          4.36063308
   1   2       200          0.72844915          5.99702158
   1   2       201          0.23771272          3.38326691
   1   2       202         -0.32832313          3.70558324
   1   2       203         -0.06008310          5.16371442
   1   2       204          1.45656052          6.31895605
   1   2       205         -2.99385187          9.73965293
   1   2       206          0.31345077          3.49511107
   1   2       207         -0.06458281          4.08124851
   1   2       208          0.93889163          7.83831939
   1   2       209          0.54484912          5.12867024
   1   2       210          2.13726747          9.84665910
   1   2       211         -0.12181956          3.08521619
   1   2       212          0.30442322          4.23367683
   1   2       213          1.88527860          9.66972733
   1   2       214          0.16790848          3.46864291
   1   2       215          0.61865755          4.19047574
   1   2       216          0.23129408          3.74006358
   1   2       217          0.02599893          3.28197200
   1   2       218          0.57273468          4.35096322
   1   2       219          0.73276392          5.40554160
   1   2       220          0.45792778          3.45787517
   1   2       221          0.44616704          3.44590841
   1   2       222          0.24344426          3.07004871
   1   2       223          1.49482438          6.49862788
   1   2       224          1.02022652          5.40112322
   1   2       225          0.02635629          3.11513196
   1   2       226          0.37075995          4.72047900
   1   2       227          2.16768015          8.23972899
   1   2       228          0.30083253          3.22046048
   1   2       229          0.54395071          5.59413728
   1   2       230          0.33203362          3.05246541
   1   2       231         -0.46943395          4.36048843
   1   2       232         -0.29187532          2.97807725
   1   2       233         -0.77219259          4.42154967
   1   2       234          0.71407187          5.86369699
   1   2       235         -0.31739176          3.45360836
   1   2       236         -0.00408463          5.58604818
   1   2       237         -0.46792196          5.57847443
   1   2       238         -0.36321233          3.81701679
   1   2       239         -0.12776066          3.25672400
   1   2       240         -0.26491606          3.21079722
   1   2       241          0.50280522          8.17766954
   1   2       242         -0.34132559          3.42241707
   1   2       243         -3.15852762          9.42941233
   1   2       244         -0.49761569          3.78842610
   1   2       245         -0.29982749          4.96924662
   1   2       246         -0.42981191          4.39584942
   1   2       247          0.71093288          4.09000967
   1   2       248          0.16525661          3.54158094
   1   2       249          0.88848451          4.83378506
   1   2       250          0.60560102          3.79306125
   1   2       251          0.66043294          3.69348634
   1   2       252          1.45367994          8.38958025
   1   2       253         -0.18858112          3.59605300
   1   2       254         -0.77846399          5.07382075
   1   2       255         -0.23961513          3.37105704
   1   2       256          0.49557495          3.79113802
   1   2       257          0.38482444          3.34445102
   1   2       258          1.74986028          7.66433161
   1   2       259         -0.49730430          4.22392135
   1   2       260         -0.46429256          3.25094174
   1   2       261         -1.10795748          4.79142562
   1   2       262          0.26443255          3.32730783
   1   2       263          0.03622574          3.08171648
   1   2       264          0.16499411          3.37044843
   1   2       265          0.39116802          5.74669744
   1   2       266         -0.63010356          4.52452931
   1   2       267          0.43744091          4.45677066
   1   2       268         -0.14166993          3.67932954
   1   2       269          0.60319748          9.49464917
   1   2       270          0.24246643          4.09812315
   1   2       271         -0.10586784          5.39838210
   1   2       272          0.10876887          3.28899964
   1   2       273          0.16505849          3.85244703
   1   2       274         -0.26717763          4.70611332
   1   2       275          0.06620621          3.15441287
   1   2       276          0.03369748          3.95400943
   1   2       277          0.19046445          6.04330539
   1   2       278          0.30618280          3.56164252
   1   2       279         -0.60467226          4.60364769
   1   2       280          0.09256770          3.19446093
   1   2       281         -0.21030818          4.03625345
   1   2       282         -1.67248178          5.10819511
   1   2       283          0.05895276          3.28205924
   1   2       284         -0.17703081          5.23063002
   1   2       285         -0.82428948          4.23115048
   1   2       286         -0.03099814          4.63659097
   1   2       287          0.49128457          4.60430361
   1   2       288          0.34670355          4.92999757
   1   2       289          0.18455306          3.79592605
   1   2       290          0.12209705          7.63226060
   1   2       291          0.05705147          3.03936176
   1   2       292         -0.30201188          3.90317299
   1   2       293          0.05702940          3.37900695
   1   2       294          0.57606164          5.81900142
   1   2       295         -0.81022569          4.12736699
   1   2       296         -0.12718506          3.42230327
   1   2       297         -0.83311506          4.61950616
   1   2       298          0.26952138          3.62998929
   1   2       299          0.00504563          5.18239481
   1   2       300          0.29718110          3.35060742
   1   2       301         -0.30895805          3.76773507
   1   2       302          0.52983515          4.68871726
   1   2       303          0.29087463          4.31968023
   1   2       304         -0.18841476          3.38690319
   1   2       305          0.47172537          4.40344420
   1   2       306         -1.15854810          4.48853955
   1   2       307         -0.09125906          4.10906550
   1   2       308         -0.58361756          5.97362387
   1   2       309          0.69209676          8.92702397
   1   2       310         -0.21652130          5.03226572
   1   2       311          0.24185249          3.41514227
   1   2       312          0.40594143          4.14995615
   1   2       313          0.46813217          4.76196591
   1   2       314          0.56245026          5.17101734
   1   2       315         -0.03985569          3.47652265
   1   2       316         -1.36769500          8.33175586
   1   2       317          0.26673910          4.22505122
   1   2       318          0.55359278          4.67947098
   1   2       319         -0.05011627          3.38808000
   1   2       320          0.83792125          7.42380364
   1   2       321         -0.14060182          4.67119597
   1   2       322         -0.04807762          3.32916787
   1   2       323         -0.16060813          3.75471159
   1   2       324         -0.29637788          5.81253310
   1   2       325         -0.96517290          4.36650361
   1   2       326          0.10252529          3.21118460
   1   2       327          1.12181019          5.98062444
   1   2       328          1.76636215          9.04067992
   1   2       329          0.09805487          3.29291985
   1   2       330         -0.70742587          4.10008543
   1   2       331         -0.14930735          2.79194908
   1   2       332          0.25712478          3.29264332
   1   2       333         -0.31964419          3.17732433
   1   2       334         -1.79164111          5.50399778
   1   2       335          0.12530410          3.99253221
   1   2       336          0.22562568          3.37492074
   1   2       337         -0.08385706          3.66328316
   1   2       338          0.46218344          4.30426498
   1   2       339         -3.04500611          9.26826646
   1   2       340          0.62964060          5.29064526
   1   2       341          0.39525672          4.40547621
   1   2       342          0.64245806          5.80958428
   1   2       343          0.40513017          7.23547884
   1   2       344         -0.29559479          8.63581836
   1   2       345          0.08666452          4.46504551
   1   2       346         -0.02617605          3.00209251
   1   2       347          0.28484490          3.05213676
   1   2       348         -2.00323680          6.33013360
   1   2       349         -1.28985265          8.69273268
   1   2       350         -0.15439233          3.61372159
   1   2       351         -0.77509830          4.76448817
   1   2       352          0.16909531          4.06178927
   1   2       353         -0.43080553          7.68614369
   1   2       354          0.51737112          5.72491230
   1   2       355         -0.21684319          3.01123174
   1   2       356         -0.07442926          3.44166375
   1   2       357         -0.10878553          3.25359591
   1   2       358          0.04887465          3.59454091
   1   2       359         -0.18272077          5.84166291
   1   2       360          0.03661381          9.16053556
   1   2       361         -0.28526399          5.69864752
   1   2       362          0.22620680          4.91157457
   1   2       363         -0.18283566          3.22684730
   1   2       364         -0.19341546          3.97449578
   1   2       365         -0.01321024          5.18605928
   1   2       366         -1.28813615          6.08276835
   1   2       367         -0.10074419          3.44171783
   1   2       368         -0.17880990          4.22974685
   1   2       369         -0.56361155          3.65377747
   1   2       370         -0.61280732          4.72457676
   1   2       371         -0.92591317          5.71487930
   1   2       372         -0.99126145          5.91024977
   1   2       373         -0.11532500          3.98356665
   1   2       374         -0.21209286          3.03387447
   1   2       375         -1.99919277          6.50559402
   1   2       376         -0.42521956          3.27786971
   1   2       377         -0.60106491          6.54307357
   1   2       378         -0.05405110          2.94607635
   1   2       379          0.09586418          3.31881382
   1   2       380         -0.48640790          9.04769116
   1   2       381         -0.24301333          3.27970497
   1   2       382         -0.42572856          3.78037201
   1   2       383          0.20164134          4.23678664
   1   2       384          1.74380042          9.76805880
   1   2       385         -0.15187977          3.74826476
   1   2       386          0.35661420          3.86388683
   1   2       387          0.09553794          3.60443953
   1   2       388         -0.44420092          3.88916266
   1   2       389         -0.17112063          5.33981562
   1   2       390          0.16813940          3.65132138
   1   2       391         -0.33225422          4.01384469
   1   2       392         -0.39686002          3.74295380
   1   2       393          0.08590323          4.25783264
   1   2       394          0.13255647          3.34420238
   1   2       395         -0.34252434          5.08882775
   1   2       396          0.13077189          3.11099889
   1   2       397          0.27950766          3.19212829
   1   2       398         -0.72137004          8.32409349
   1   2       399          0.09950830          3.66459881
   1   2       400         -0.52910708          4.38104823
   1   2       401          0.66031327          7.31941121
   1   2       402         -0.49605095          3.71039650
   1   2       403          0.14153353          4.14824619
   1   2       404         -0.19302534          5.69816118
   1   2       405         -0.38791819          3.98344432
   1   2       406         -0.15497540          3.50177928
   1   2       407          0.00540034          4.74565681
   1   2       408         -0.15218804          3.14134947
   1   2       409         -0.13453268          3.91312750
   1   2       410         -0.07379799          5.29940129
   1   2       411          0.18587778          3.65618832
   1   2       412         -0.69188775          4.62094960
   1   2       413          0.14993480          3.14665918
   1   2       414         -1.46073550          5.27899104
   1   2       415         -0.06360073          3.35066236
   1   2       416         -0.16515106          5.15017700
   1   2       417         -0.10850988          3.49754327
   1   2       418          1.76717183          8.00816187
   1   2       419          0.32411581          4.53905621
   1   2       420          0.35400217          4.77804872
   1   2       421         -0.04867313          3.82253712
   1   2       422          1.58835514          7.90902474
   1   2       423         -0.64697671          4.44724961
   1   2       424          0.03253443          3.31124292
   1   2       425          0.15357844          3.44011388
   1   2       426          0.12001602          4.72098726
   1   2       427          0.41595758          3.91229911
   1   2       428          0.39805950          5.54491537
   1   2       429         -0.71675601          3.73996394
   1   2       430         -0.70073603          3.44449992
   1   2       431         -0.51194866          4.58950421
   1   2       432         -0.70712025          3.98401265
   1   2       433          0.05362891          3.18910552
   1   2       434         -0.70069760          6.35886902
   1   2       435          0.02164713          3.75750632
   1   2       436         -0.44304624          4.16933890
   1   2       437         -1.48917592          5.11639062
   1   2       438         -0.58077231          3.33193954
   1   2       439         -0.00972626          2.99852520
   1   2       440         -0.33774526          3.48594592
   1   2       441         -0.08948847          4.97756562
   1   2       442         -1.49877353          9.56186813
   1   2       443         -0.01955894          4.19810361
   1   2       444         -0.22562852          3.44413144
   1   2       445          0.38490307          8.75937395
   1   2       446          1.14977747          5.42329515
   1   2       447         -1.59766207          5.90941475
   1   2       448         -0.12006485          4.36165326
   1   2       449          0.53268129          4.57162247
   1   2       450          0.40089244          3.40943036
   1   2       451          0.61174408          4.26962643
   1   2       452          0.74676040          5.11679026
   1   2       453          0.13913674          3.34770457
   1   2       454          0.10292377          3.46129977
   1   2       455          0.92895032          5.32449926
   1   2       456          0.31566838          4.43610175
   1   2       457          0.35762587          4.79809732
   1   2       458         -0.57611539          3.29910173
   1   2       459          0.65446339          6.06687875
   1   2       460          1.19014507         10.22121110
   1   2       461          0.49200411          4.22665162
   1   2       462          0.40785077          9.30849682
   1   2       463          0.10135610          3.11480677
   1   2       464          0.99858843          6.87553645
   1   2       465         -0.17250061          3.28219507
   1   2       466          0.55390568          5.33387984
   1   2       467         -0.02385665          3.35289626
   1   2       468          0.18942642          3.30023872
   1   2       469          0.20289356          4.15728947
   1   2       470         -0.57302802          3.19572093
   1   2       471         -0.11331517          4.55243362
   1   2       472         -0.49262562          4.73211298
   1   2       473         -0.43893594          3.00779168
   1   2       474          0.27305082          3.06968287
   1   2       475          0.10826047          4.54347877
   1   2       476          1.61682750          9.01823668
   1   2       477          0.08719445          3.81987159
   1   2       478          2.20806281          8.97523446
   1   2       479          0.15529940          4.59571193
   1   2       480          0.22792055          3.04966710
   1   2       481          1.68945197          8.90316047
   1   2       482          1.54248268          8.78966127
   1   2       483          0.29766541          3.43437056
   1   2       484          0.19073876          3.00633059
   1   2       485          0.33867396          4.31637633
   1   2       486         -1.52052805          6.21924263
   1   2       487         -0.62447688          6.45927770
   1   2       488         -0.31596152          3.25669458
   1   2       489         -0.49266709          3.17465401
   1   2       490         -1.16612686          5.39057177
   1   2       491         -1.39738338          8.40761720
   1   2       492         -0.11161388          5.05326473
   1   2       493         -0.26864581          3.04638283
   1   2       494         -0.66488926          5.14199087
   1   2       495          0.52468089          4.90866491
   1   2       496          1.34151546          8.12827227
   1   2       497          0.48134746          3.91044908
   1   2       498          0.35311077          3.74061788
   1   2       499          0.59730547          4.34839621
   1   2       500          0.25290123          3.22358210
   1   2       501          0.34419215          3.52074086
   1   2       502          0.26492899          3.25453667
   1   2       503          1.87939348          9.26922873
   1   2       504          0.55951908          4.14093633
   1   2       505          1.32642334          6.22031086
   1   2       506          0.15288645          5.10670066
   1   2       507          0.11964547          6.78254737
   1   2       508          0.79426083          6.23623731
   1   2       509          0.24928705          3.11694442
   1   2       510          0.53333189          4.25739960
   1   2       511          0.94993391          6.10885087
   1   2       512          0.19533872          3.18103253
   1   2       513          0.16009534          3.05128234
   1   2       514          0.00478474          6.94537844
   1   2       515          0.55028158          4.25594017
   1   2       516          0.20252458          5.41668946
   1   2       517          0.32917589          4.01701483
   1   2       518          0.26653391          4.02707940
   1   2       519          1.61356373          7.72726274
   1   2       520          0.37380375          3.76969109
   1   2       521          0.34662898          3.47388037
   1   2       522          1.24790394          8.67198110
   1   2       523         -0.47683108          3.56615085
   1   2       524         -0.17734511          3.29061756
   1   2       525         -0.53676465          3.63788343
   1   2       526         -0.39205671          3.90058570
   1   2       527         -0.22342044          4.31151911
   1   2       528          1.02916700          6.01016263
   1   2       529          0.25837348          4.71983986
   1   2       530          0.13314167          3.63924872
   1   2       531         -0.00857028          3.16269081
   1   2       532         -0.01353032          3.49158417
   1   2       533         -0.33138635          3.84918656
   1   2       534          0.77796471          8.27253265
   1   2       535          0.21294743          4.27961808
   1   2       536         -0.01952027          3.50621658
   1   2       537          0.36201790          4.28109215
   1   2       538         -0.03613233          3.41059868
   1   2       539          0.17100180          3.71556459
   1   2       540          0.25344390          4.65208220
   1   2       541         -0.43221770          9.10707163
   1   2       542          0.24298463          3.90220636
   1   2       543          0.13591106          3.19828337
   1   2       544          0.11920303          3.16751535
   1   2       545          0.47282840          6.91765218
   1   2       546          0.04990071          3.26447231
   1   2       547          1.12418879          6.64580659
   1   2       548          0.97725399          5.73610678
   1   2       549          0.37435837          3.33431358
   1   2       550         -1.37272350          5.69708590
   1   2       551          0.08592516          3.17295154
   1   2       552          0.14223081          3.55376620
   1   2       553          2.07444899          7.75443670
   1   2       554          1.10108649          8.77819723
   1   2       555          0.19515650          4.33401118
   1   2       556          0.34733785          4.56228386
   1   2       557          1.52737468          6.79602924
   1   2       558          0.31574114          3.11459897
   1   2       559         -2.11097789         10.15654790
   1   2       560          0.26849846          3.67375104
   1   2       561         -0.50922987          5.69521036
   1   2       562          0.49106825          3.99825936
   1   2       563          0.28458582          4.30350373
   1   2       564          0.08585244          3.14580176
   1   2       565          1.09261594          8.54487186
   1   2       566          0.09251583          4.02079425
   1   2       567         -0.23743049          5.51706327
   1   2       568         -0.00226567          3.52877894
   1   2       569         -0.32345313          3.39086026
   1   2       570          0.26313203          3.78124859
   1   2       571         -1.22032229          4.99103793
   1   2       572         -0.40860013          6.49602621
   1   2       573         -1.88472247          7.68168965
   1   2       574         -0.00230817          3.87356811
   1   2       575          0.15846416          3.72791860
   1   2       576          0.25763353          4.12491997
   1   2       577          0.10516257          3.23429127
   1   2       578          0.63197411          5.37005450
   1   2       579         -0.45453380          3.21339766
   1   2       580         -0.29030157          3.10266051
   1   2       581         -0.09684142          3.21370097
   1   2       582         -2.04479170          7.26480772
   1   2       583         -0.54403185          3.33606213
   1   2       584          0.08056563          3.71575539
   1   2       585          0.63108064          4.94615749
   1   2       586          0.45437416          4.30861308
   1   2       587          0.32950115          4.33186490
   1   2       588          0.19467057          3.54947287
   1   2       589         -0.10802485          3.20299681
   1   2       590          0.34784640          3.97866534
   1   2       591          1.89751448          8.72763342
   1   2       592         -0.61002493          3.74070966
   1   2       593         -1.43610483          4.85343950
   1   2       594         -0.68431193          3.86828187
   1   2       595         -0.76874422          4.19526543
   1   2       596         -0.55306432          4.73750772
   1   2       597          0.42812603          8.89600324
   1   2       598         -2.05036267          6.85471009
   1   2       599          0.07210802          8.62076287
   1   2       600          0.47455518          4.16592714
   1   2       601         -1.26411520          7.23394302
   1   2       602         -2.05742247          6.79035379
   1   2       603          0.02306950          4.87484130
   1   2       604         -0.52354916          3.34260924
   1   2       605         -0.88233982          3.96960156
   1   2       606         -1.00607045          4.26680018
   1   2       607          0.33832261          4.06405700
   1   2       608         -0.37999549          5.04297721
   1   2       609          0.31238325          3.73469412
   1   2       610          0.74509674          4.79110813
   1   2       611          0.40270835          3.57833575
   1   2       612          0.44969985          4.06581034
   1   2       613          0.30386096          3.27827198
   1   2       614          1.56650195          7.08423864
   1   2       615          0.25702294          3.25539428
   1   2       616          0.62248901          4.45502911
   1   2       617          0.59499009          7.73849684
   1   2       618          0.33925787          3.54420322
   1   2       619         -0.01431859          3.20832828
   1   2       620          0.41250338          4.56667513
   1   2       621          0.50714695          4.50818580
   1   2       622          0.44367921          4.28725114
   1   2       623          0.27120210          3.56590431
   1   2       624          1.19396724          9.23254853
   1   2       625          0.38943014          4.26474360
   1   2       626          0.20991922          3.07499210
   1   2       627          0.21786476          3.06543695
   1   2       628          0.35424201          3.44989661
   1   2       629         -0.02207105          4.35072417
   1   2       630          0.37725590          5.83964499
   1   2       631          0.20566681          3.17510463
   1   2       632         -0.04819947          3.28890446
   1   2       633          0.63028855          4.79136425
   1   2       634         -1.05458169          8.78343027
   1   2       635          0.10121815          3.10019386
   1   2       636         -0.37503794          5.00056177
   1   2       637          0.23560561          9.08788290
   1   2       638          0.23920352          3.20044295
   1   2       639         -0.96224233          9.34143422
   1   2       640          0.31280740          4.76739147
   1   2       641         -0.02480168          2.97778326
   1   2       642          0.04566832          3.02464205
   1   2       643          1.56286147          7.55389314
   1   2       644          1.00109633          3.22802016
   1   2       645          1.91615266          4.26204590
   1   2       646          5.77414915          8.26603841
   1   2       647          1.53426674          3.22572404
   1   2       648          1.24990008          3.55700530
   1   2       649          3.63504796          5.78977594
   1   2       650          6.94644908          6.67150977
   1   2       651          5.56580212          6.25879255
   1   2       652          1.12919691          3.33114261
   1   2       653          1.13774542          3.43818229
   1   2       654          1.43143995          3.19367758
   1   2       655          4.61818574          7.67387573
   1   2       656          3.57690937          5.00449657
   1   2       657          8.87147663          8.84249890
   1   2       658          2.27447661          4.46343878
   1   2       659         12.86727901          9.54450045
   1   2       660          1.29000594          3.74748154
   1   2       661          5.49978699          7.85999977
   1   2       662          1.87677048          4.14842258
   1   2       663          0.97474946          3.07116625
   1   2       664         14.96394078          9.75126173
   1   2       665          1.84662445          4.36570287
   1   2       666          4.52654077          5.51575223
   1   2       667         11.43448354          8.69347849
   1   2       668          3.10996172          4.85394722
   1   2       669          4.23401299          5.64475489
   1   2       670          1.21691809          3.31236326
   1   2       671          1.25931081          3.11382992
   1   2       672          3.04271465          5.04332287
   1   2       673          1.58079886          3.70463169
   1   2       674         12.55992360          9.81305007
   1   2       675         11.99301546          9.53202835
   1   2       676          2.56728943          4.26519085
   1   2       677          6.87582482          8.27231255
   1   2       678          6.82672342          7.65919336
   1   2       679          1.41338764          3.50685428
   1   2       680          0.98897845          3.21853891
   1   2       681          1.68833699          3.96587977
   1   2       682         12.15515690          9.10224746
   1   2       683          2.36159316          3.91528350
   1   2       684         11.14742123          8.83177637
   1   2       685          2.40557325          4.20967814
   1   2       686          1.50604254          3.45811846
   1   2       687          2.40773031          4.26298967
   1   2       688          1.90661883          3.84260671
   1   2       689          5.76136433          6.22074656
   1   2       690          3.25364461          4.82793295
   1   2       691          1.99294421          3.84848151
   1   2       692          1.24258443          3.23256506
   1   2       693          1.67183484          3.36426493
   1   2       694          2.59879281          4.19000304
   1   2       695          1.61169950          3.21621378
   1   2       696          3.51199173          4.97059991
   1   2       697          1.37470525          3.16491994
   1   2       698          5.12059230          5.98829986
   1   2       699          1.35523649          3.08879976
   1   2       700          1.45420241          3.32610228
   1   2       701         17.66295494         10.80994250
   1   2       702          2.78422960          4.29090301
   1   2       703          1.93156340          4.60509247
   1   2       704          2.43106309          4.12942811
   1   2       705          1.39520446          3.34735105
   1   2       706          1.61873258          3.90654070
   1   2       707         10.27980358          8.71298522
   1   2       708          1.84963365          3.61355845
   1   2       709          2.32508334          4.58715898
   1   2       710          1.44681937          3.11639104
   1   2       711          8.40839738          7.73810897
   1   2       712          1.41097293          3.82463630
   1   2       713         10.40019766          8.33518346
   1   2       714          1.92460923          3.66349341
   1   2       715         10.56168058          8.52903635
   1   2       716          1.78872359          3.50372020
   1   2       717          3.95809150          4.99740816
   1   2       718          2.24693578          3.87683318
   1   2       719          1.66626740          3.37783475
   1   2       720          2.04293504          4.04986298
   1   2       721          1.48054990          3.26525603
   1   2       722          3.13422000          4.96520075
   1   2       723          1.14982179          3.27423152
   1   2       724          1.34113526          3.56838549
   1   2       725          3.54789588          6.09747172
   1   2       726          1.61602663          3.83143366
   1   2       727          2.89951109          5.18495012
   1   2       728          2.01458301          3.60458785
   1   2       729          0.00000000          3.01913625
   1   2       730          0.00000000          3.04042766
   1   2       731          0.00000000          7.23587639
   1   2       732          0.00000000          3.02850506
   1   2       733          0.00000000          3.10986126
   1   2       734          0.00000000          3.02727909
   1   2       735          0.00000000          3.03427393
   1   2       736          0.00000000          3.04598201
   1   2       737          0.00000000          3.01932373
   1   2       738          0.00000000          3.02416951
   1   2       739          0.00000000          3.10641884
   1   2       740          0.00000000          3.05783381
   1   2       741          0.00000000          3.08373782
   1   2       742          0.00000000          3.08765041
   1   2       743          0.00000000          3.09595427
   1   2       744          0.00000000          3.08522069
   1   2       745          0.00000000          3.09320353
   1   2       746          0.00000000          3.06541235
   1   2       747          0.00000000          3.12962781
   1   2       748          0.00000000          3.11514963
   1   2       749          0.00000000          3.12102472
   1   2       750          0.00000000          3.12872558
   1   2       751          0.00000000          3.16400995
   1   2       752          0.00000000          3.14442855
   1   2       753          0.00000000          3.14663944
   1   2       754          0.00000000          3.24211489
   1   2       755          0.00000000          3.12739597
   1   2       756          0.00000000          3.09754619
   1   2       757          0.00000000          3.13469413
   1   2       758          0.00000000          3.13142072
   1   2       759          0.00000000          3.11606434
   1   2       760          0.00000000          3.14901834
   1   2       761          0.00000000          3.18796407
   1   2       762          0.00000000          3.18020168
   1   2       763          0.00000000          3.18419070
   1   2       764          0.00000000          3.14485744
   1   2       765          0.00000000          3.19662175
   1   2       766          0.00000000          3.17113272
   1   2       767          0.00000000          3.15528870
   1   2       768          0.00000000          3.13409970
   1   2       769          0.00000000          3.18897189
   1   2       770          0.00000000          3.17421794
   1   2       771          0.00000000          3.14034704
   1   2       772          0.00000000          3.20039796
   1   2       773          0.00000000          3.23817952
   1   2       774          0.00000000          3.16864382
   1   2       775          0.00000000          3.13226437
   1   2       776          0.00000000          3.20745591
   1   2       777          0.00000000          3.26559580
   1   2       778          0.00000000          4.76362467
   1   2       779          0.00000000          5.45163788
   1   2       780          0.00000000          5.84487447
   1   2       781          0.00000000          5.51527561
   1   2       782          0.00000000          5.66321783
   1   2       783          0.00000000          5.78005754
   1   2       784          0.00000000          5.71145687
   1   2       785          0.00000000          5.52919747
   1   2       786          0.00000000          6.23214584
   1   2       787          0.00000000          6.24368888
   1   2       788          0.00000000          6.05856233
   1   2       789          0.00000000          5.78633635
   1   2       790          0.00000000          6.27191632
   1   2       791          0.00000000          8.11924426
   1   2       792          0.00000000          8.96755966
   1   2       793          0.00000000          6.85487527
   1   2       794          0.00000000          6.84581175
   1   2       795          0.00000000          6.62808489
   1   2       796          0.00000000          6.57924466
   1   2       797          0.00000000         11.29689466
   1   2       798          0.00000000          6.06616896
   1   2       799          0.00000000          6.22409379
   1   2       800          0.00000000          7.56965192
   1   2       801          0.00000000          7.14451022
   1   2       802          0.00000000          9.66782984
   1   2       803          0.00000000         10.52593325
   1   2       804          0.00000000          3.07366646
   1   2       805          0.00000000          9.94605455
   1   2       806          0.00000000         11.38306653
