           1  0.545331811495148     
           2  0.490196635763475     
           3  0.549896541183848     
           4  0.241761739181899     
           5  0.638045802889228     
           6  0.316208230200070     
           7  0.189197775112008     
           8  0.567501892769600     
           9  0.464391007775769     
          10  0.538802469850938     
          11  0.534480099574394     
          12  0.506924216753856     
          13  0.554347007956414     
          14  0.517712846953735     
          15  0.320592456228129     
          16  0.569161565873129     
          17  0.508529697151789     
          18  0.579601218451122     
          19  0.563223228165928     
          20  0.521629068349680     
          21  0.576327198295242     
          22  0.552241388680158     
          23  0.532756152168077     
          24  0.547451014451367     
          25  0.478356636770627     
          26  0.297805619104074     
          27  0.515418576951246     
          28  0.511162015555786     
          29  0.582644488597991     
          30  0.549748996084443     
          31  0.570124707703056     
          32  0.565450256944453     
          33  0.553330580061397     
          34  0.349950582413514     
          35  0.532217719864030     
          36  0.536228224590576     
          37  0.117169477295101     
          38  0.491403849119557     
          39  0.529214889813048     
          40   8.19212031656953     
          41  0.559501366561948     
          42  0.426803541791399     
          43  0.557483517023928     
          44  0.440637735212999     
          45  0.523668195587176     
          46  0.398915082539639     
          47  0.453946356502128     
          48  0.546826242384727     
          49  0.467479537289278     
          50  0.388836615292961     
          51  0.540076410001789     
          52  0.523595252002242     
          53  0.537486814204134     
          54  0.564985350785915     
          55  0.528289195248366     
          56  0.560761678262854     
          57  0.553833834954151     
          58  0.558573970104469     
          59  0.481255492732335     
          60  0.485189112077010     
          61  0.507901387647959     
          62  0.436409325370731     
          63  0.544958977606665     
          64  0.527802089311391     
          65  0.582355054526107     
          66  0.470167550803159     
          67  0.530134841356207     
          68  0.492070564635874     
          69  0.236180178089814     
          70  0.563383713367570     
          71  0.549761638227212     
          72  0.485403336933612     
          73  0.482530412660544     
          74  0.539181599738293     
          75  0.455379250983001     
          76  0.563248898819495     
          77  0.533246702132782     
          78  0.537204641061071     
          79  0.417478924612888     
          80  0.546138167742610     
          81  0.423720536383792     
          82  0.398255181246752     
          83  0.557909760478637     
          84  0.462152924076589     
          85  0.525755441100289     
          86  0.524912478673124     
          87  0.352302766490150     
          88  0.536319197559693     
          89  0.548809392606765     
          90  0.454755531410984     
          91  0.531851249540989     
          92  0.521890148594703     
          93  0.522687275305938     
          94  0.543529962415536     
          95  2.997510199648489E-002
          96  0.545876746660338     
          97  0.390199780697549     
          98  0.588811965082316     
          99  0.541371628426299     
         100  0.526285421969684     
         101  0.528372009384397     
         102  0.552319358579056     
         103  0.521754523325524     
         104  0.344586597376359     
         105  0.549353835474198     
         106  0.575252998027451     
         107  0.545568774070881     
         108  0.524156561316487     
         109  0.593106121807081     
         110  0.538586519680448     
         111  0.473270521233462     
         112  0.319639914907936     
         113  0.555837468667212     
         114  0.520304162456521     
         115  0.578127187771007     
         116  0.328568746809559     
         117  0.545416820571747     
         118  0.517388299788369     
         119  0.541128992304849     
         120  9.999999776482582E-003
         121  0.553565266532445     
         122  0.595241841116193     
         123  0.522104895946929     
         124  0.471129824280017     
         125  0.528994723533338     
         126  0.381045325855894     
         127  0.570075968548479     
         128  0.409321932620839     
         129  0.568544453237451     
         130  0.376218231821204     
         131  0.542784714683628     
         132  0.575547670855882     
         133  0.260559495840062     
         134  0.346893367369724     
         135  0.525778122574358     
         136  0.559370976773481     
         137  0.345504657377618     
         138  0.530332872549588     
         139  0.426542906144747     
         140  0.543840854036844     
         141  0.497542604053122     
         142  0.395846353314465     
         143  0.537840166937925     
         144  0.497594603294711     
         145  0.529375464977728     
         146  0.117169477295102     
         147  0.519581900511582     
         148  0.548941960564262     
         149  0.575466424276421     
         150  0.608025607471953     
         151  0.541228659195213     
         152  0.429481578363870     
         153  0.551779931060036     
         154  0.561701833449298     
         155  0.548557168516138     
         156  0.563288585287333     
         157  0.528714706279589     
         158  0.515687297090883     
         159  0.559890363478697     
         160  0.397706412461675     
         161  0.547318643882641     
         162  0.550609519850369     
         163  0.545655756952791     
         164  0.559525362335990     
         165  0.458985837666641     
         166  0.570873308555062     
         167  0.497753036233599     
         168  0.476028964380862     
         169  0.540853905964537     
         170  0.553627275761661     
         171  0.600336416750330     
         172  0.570142299267057     
         173  0.599180870202691     
         174  0.517821876073482     
         175  0.569707251863572     
         176  0.550150354079806     
         177  0.497909553164842     
         178  0.539127144364508     
         179  0.533458461332706     
         180  0.455794651140869     
         181  0.507341013090462     
         182  0.251240158366595     
         183  0.472486421845500     
         184  0.508091866888784     
         185  0.655823431524262     
         186  0.541026784176642     
         187  0.535582073910962     
         188  0.164951736096804     
         189  0.523500001179796     
         190  0.304441836635544     
         191  8.621230898607643E-002
         192  0.506141764190005     
         193  0.416494987978028     
         194  0.437805382284515     
         195   1.64381737973219     
         196  0.506327086738502     
         197  0.322160127771304     
         198  0.428218178144618     
         199  0.373536331581059     
         200  0.490632938820232     
         201  0.420378928839824     
         202  0.550489686106942     
         203  0.576341576594066     
         204  0.290652935920534     
         205  0.458633343293812     
         206  0.351426339895730     
         207  0.365545352563426     
         208  0.225856192676535     
         209  0.416063106999579     
         210  0.545442522815721     
         211  0.377646751857177     
         212  0.531386531327013     
         213  0.465232026040674     
         214  0.524373640894053     
         215  0.468167800807472     
         216  0.510368989727637     
         217  0.433266413207095     
         218  0.541170274485101     
         219  0.539247422556873     
         220  0.537114446100574     
         221  0.528428038760992     
         222  0.469177316944929     
         223  0.482091139717190     
         224  0.543975219633479     
         225  0.487006209573634     
         226  0.543253848183075     
         227  0.554088298332161     
         228  0.425490029567887     
         229  0.329562568937209     
         230  0.529375616458856     
         231  0.101571049660606     
         232  0.562136919626851     
         233  0.481234423435965     
         234  0.530075419187482     
         235  0.529278838066237     
         236  0.414150031730121     
         237  0.504845706870935     
         238  0.465120665824023     
         239  0.541823877704315     
         240  0.524009827431359     
         241  0.534812147516482     
         242  0.534463993314486     
         243  0.518381732371212     
         244  0.540469723129903     
         245  0.542938039063915     
         246  0.417280325022094     
         247  0.339414046718247     
         248  0.559118427477048     
         249  0.535928172799477     
         250  0.514158403749258     
         251  0.543814363293390     
         252  0.346697722467348     
         253  0.519891081637921     
         254  0.550198684586028     
         255  0.552692318785853     
         256  0.557582624835445     
         257  0.539033387796722     
         258  0.490481775953973     
         259  0.477359947429519     
         260  0.526212025951865     
         261  0.464807822324969     
         262  0.496110238076828     
         263  0.509645533686851     
         264  0.445863143410013     
         265  0.571655143496783     
         266  0.466469579112239     
         267  0.578288502798004     
         268  0.538322026624254     
         269  0.438192531921359     
         270  0.554089865139801     
         271  0.348318216949558     
         272  0.457965626880467     
         273  0.547786748118059     
         274  0.457352849832738     
         275  0.423484548836587     
         276  0.425447358473577     
         277  0.473372523970939     
         278  0.491185484837639     
         279  0.412450769710719     
         280  0.397664456616296     
         281  0.334464357550488     
         282  0.574607114861475     
         283  0.521705816594967     
         284  0.364903436622549     
         285  0.528176284225301     
         286  0.353065574111689     
         287  0.486069507047229     
         288  0.590011748339700     
         289  0.425553145690262     
         290  0.537801997414250     
         291  0.547685228135587     
         292  0.326913131178333     
         293  0.560044596321746     
         294  0.534719907034303     
         295  0.440785431395536     
         296  0.432152031597716     
         297  0.517925304910909     
         298  0.514803221947216     
         299  0.530022548137263     
         300  0.532317194834595     
         301  0.510836005693691     
         302  0.484088790558618     
         303  0.540707771575229     
         304  0.458180614058000     
         305  0.560637709634547     
         306  0.510823375317671     
         307  0.421268422613151     
         308  0.526435525393722     
         309  0.310872567272519     
         310  0.477493479597448     
         311  0.567917894202314     
         312  0.538573817483358     
         313  0.535598954527105     
         314  0.493824452951401     
         315  0.595108836965889     
         316  0.544794582061022     
         317  0.559026151464347     
         318  0.117169477295102     
         319  0.201840345531120     
         320  0.354910412756032     
         321  0.425693842762351     
         322  0.486698345627918     
         323  0.566710957164683     
         324  0.540860125092432     
         325  0.476716408144543     
         326  0.471326861796544     
         327  0.556229074275077     
         328  0.481316328178234     
         329  0.537766101147479     
         330  0.533871278546784     
         331  0.512330151223668     
         332  0.521342441011209     
         333  0.552233140700696     
         334  0.547664373124487     
         335  0.501285349307322     
         336  0.539824622526555     
         337  0.478719271006132     
         338  0.484639197365918     
         339  0.456021375718839     
         340  0.547287006948991     
         341  0.422134521465232     
         342  0.568037342328018     
         343  0.576310673346535     
         344  0.578193183760450     
         345  0.505265673704757     
         346  0.505156877634812     
         347  0.537809420330665     
         348  0.541111063209948     
         349  0.537544110457595     
         350  0.451379887593191     
         351  0.414080011142513     
         352  0.405028034699324     
         353  0.545239798860611     
         354  0.534079506048956     
         355  0.531798617377676     
         356  0.536813547084428     
         357  0.605794066455589     
         358  0.523298371670628     
         359  0.506471013750609     
         360  0.606958491053367     
         361  0.589374756802127     
         362  0.569377052947727     
         363  0.542512146689901     
         364  0.390922210640473     
         365  0.463613551346872     
         366  0.403600946816010     
         367  0.480354961719464     
         368  0.504281248474395     
         369  0.500684516051825     
         370  0.495500119789217     
         371  0.504516781515822     
         372  0.496401899291354     
         373  0.474672198841252     
         374  0.455793936589708     
         375  0.491669783267192     
         376  0.493318067731950     
         377  0.445055226574929     
         378  0.536515810937426     
         379  0.514653214597573     
         380  0.510332412074717     
         381  0.534700422354285     
         382  0.511605796655787     
         383  0.529551056533475     
         384  0.545510601832169     
         385  0.526010702461411     
         386  0.529965456605418     
         387  0.553955210944349     
         388  0.561464465064627     
         389  0.535806496238613     
         390  0.551755894621901     
         391  0.552168644617482     
         392  0.560180185062602     
         393  0.525881988985502     
         394  0.546355179375173     
         395  0.545775112726466     
         396  0.557628629211193     
         397  0.557482726812790     
         398  0.552436629867018     
         399  0.535772631367395     
         400  0.555180531891142     
         401  0.548796646567102     
         402  0.554906967750796     
         403  0.527394941130179     
         404  0.559614505499132     
         405  0.556903292229904     
         406  0.604152610978857     
         407  0.555845372135123     
         408  0.590802329846929     
         409  0.530291208212419     
         410  0.506068453007048     
         411  0.529156507565748     
         412  0.542788161329716     
         413  0.512204327820189     
         414  0.535250051662191     
         415  0.540512483444365     
         416  0.574710721328259     
         417  0.568430431150432     
         418  0.573469476774494     
         419  0.535860311279438     
         420  0.528997836574983     
         421  0.544023213435027     
         422  0.553210643816845     
         423  0.511148088309695     
         424  0.513442889688900     
         425  0.548695730135287     
         426  0.524600327786900     
         427  0.578177233516537     
         428  0.522644460814095     
         429  0.583547472772373     
         430  0.533808643109057     
         431  0.512560107804364     
         432  0.526286984426677     
         433  0.530476910381797     
         434  0.512377361334001     
         435  0.502562944216872     
         436  0.603943192678973     
         437  0.549963656806054     
         438  0.529156200840043     
         439  0.520251977274369     
         440  0.533013036539733     
         441  0.554953085102048     
         442  0.521920955174972     
         443  0.548881700640382     
         444  0.561920136478607     
         445  0.579261319496839     
         446  0.541793178552411     
         447  0.512073659866722     
         448  0.481410873020210     
         449  0.571696668942114     
         450  0.595120948066654     
         451  0.540948825495017     
         452  0.525762840780826     
         453  0.577736087886321     
         454  0.546764266407199     
         455  0.556125766277035     
         456  0.502112845012988     
         457  0.481273884886416     
         458  0.523281629146806     
         459  0.552017732193837     
         460  0.550861881729264     
         461  0.444920581430448     
         462  0.431605938262023     
         463  0.476835533154750     
         464  0.493193781605689     
         465  0.570668575479397     
         466  0.540698494999994     
         467  0.568200515820486     
         468  0.549080560895285     
         469  0.465508988427671     
         470  0.563292148376803     
         471  0.537693750304639     
         472  0.519405938029343     
         473  0.550643893738821     
         474  0.408033085571159     
         475  0.449804454064188     
         476  0.615807039504391     
         477  0.542411395886607     
         478  0.611958709492036     
         479  0.549341554958222     
         480  0.546828026739710     
         481  0.520054887111157     
         482  0.577791482166635     
         483  0.567162643985934     
         484  0.597057767478600     
         485  0.563078853869026     
         486  0.525524498257593     
         487  0.570077689135559     
         488  0.531802242207999     
         489  0.527678273328847     
         490  0.552990910310675     
         491  0.544347780921659     
         492  0.560054202610593     
         493  0.575034988620253     
         494  0.554967733139190     
         495  0.566250843531963     
         496  0.565249336002077     
         497  0.571886622439023     
         498  0.548524621158524     
         499  0.539574298130630     
         500  0.584105637274228     
         501  0.566992327429433     
         502  0.584603864548304     
         503  0.564852344820573     
         504  0.575047390932673     
         505  0.519687172202062     
         506  0.525431792937895     
         507  0.509771465711778     
         508  0.548393158778967     
         509  0.554974902401696     
         510  0.573757993908280     
         511  0.544055343427992     
         512  0.557756637545770     
         513  0.562774380479964     
         514  0.551259793069698     
         515  0.591507106567304     
         516  0.525533055758088     
         517  0.517144006675877     
         518  0.522073109629298     
         519  0.565680643584881     
         520  0.567183467035147     
         521  0.546029689875267     
         522  0.530990010731980     
         523  0.521052473149137     
         524  0.564295103902497     
         525  0.537547195891558     
         526  0.557303144251176     
         527  0.527763167123228     
         528  0.530008363855957     
         529  0.559992842927896     
         530  0.570906151864070     
         531  0.471284273863427     
         532  0.465381334406783     
         533  0.479373091480729     
         534  0.564162126705393     
         535  0.537854923239811     
         536  0.529787608662933     
         537  0.535940500255176     
         538  0.500737350423299     
         539  0.429506422833748     
         540  0.444337542525692     
         541  0.533817015520237     
         542  0.544391827289969     
         543  0.523752043529939     
         544  0.496149639349630     
         545  0.461159963908289     
         546  0.556397495155399     
         547  0.547278748479430     
         548  0.530773699365675     
         549  0.559781237229701     
         550  0.541407864106778     
         551  0.439115222368128     
         552  0.449604765380614     
         553  0.551334418998447     
         554  0.526605782342545     
         555  0.552221047497988     
         556  0.518076035845659     
         557  0.515616462627535     
         558  0.533079131764560     
         559  0.434654981297578     
         560  0.506168804790994     
         561  0.556222396081156     
         562  0.534499124217761     
         563  0.443410500152951     
         564  0.538247920149945     
         565  0.544041272965551     
         566  0.451596535231047     
         567  0.555944943332016     
         568  0.508428237780444     
         569  0.531075289028444     
         570  0.548393688321910     
         571  0.363947916449784     
         572  0.515153703969433     
         573  0.515724729218115     
         574  0.522944248062838     
         575  0.508047016984508     
         576  0.586868207625135     
         577  0.562288808888893     
         578  0.543391045851724     
         579  0.499425042174402     
         580  0.517170019521416     
         581  0.474105424753620     
         582  0.506886885448470     
         583  0.525676006963522     
         584  0.503146631941117     
         585  0.506668405714563     
         586  0.564978504122122     
         587  0.496857392088006     
         588  0.537323319598161     
         589  0.389861505557540     
         590  0.511923235082811     
         591  0.563259494027539     
         592  0.563986488451118     
         593  0.550820335050511     
         594  0.541876423884153     
         595  0.530857460180312     
         596  0.541155263086666     
         597  0.509021952480223     
         598  0.514982986975072     
         599  0.510697092594756     
         600  0.550590441518554     
         601  0.550000734195936     
         602  0.597828824214523     
         603  0.596350404908609     
         604  0.556003282485616     
         605  0.543688033348881     
         606  0.546159658308070     
         607  0.592433147197948     
         608  0.542820613023287     
         609  0.537491698351116     
         610  0.560106375734081     
         611  0.583350338018220     
         612  0.537850942300987     
         613  0.571690773558232     
         614  0.568253560653969     
         615  0.543097477445308     
         616  0.549686735384259     
         617  0.530595218959168     
         618  0.528099304793407     
         619  0.547874040814152     
         620  0.556633503088909     
         621  0.503724810105932     
         622  0.560580429643247     
         623  0.523025684241582     
         624  0.570212016633110     
         625  0.541340095029925     
         626  0.524413925585479     
         627  0.543148230433103     
         628  0.544490120191594     
         629  0.539116048015386     
         630  0.547401211083224     
         631  0.531067803309602     
         632  0.514174600510941     
         633  0.554417095119871     
         634  0.534110547433740     
         635  0.551083637292242     
         636  0.524171305325426     
         637  0.537614633193258     
         638  0.557896331292070     
         639  0.529353217692872     
         640  0.522144681440190     
         641  0.560107347430203     
         642  0.500275880488723     
         643  0.508501218682289     
         644  0.496161948832977     
         645  0.546016996367745     
         646  0.524805806407360     
         647  0.553991209202953     
         648  0.578150765670343     
         649  0.558449608834030     
         650  0.512542702158107     
         651  0.513900662165334     
         652  0.435435836556802     
         653  0.540930084893460     
         654  0.369520538116394     
         655  0.542318895533104     
         656  0.541074498324816     
         657  0.349422331282237     
         658  0.545417253763655     
         659  0.551363234495607     
         660  0.524654626279312     
         661  0.413661029969156     
         662  0.506082426384630     
         663  0.316973789221200     
         664  0.582638031143452     
         665  0.385087880637712     
         666  0.550532474987997     
         667  0.117169477295102     
         668  0.373964599499258     
         669  0.558529106783357     
         670  0.924935787160919     
         671  0.361886655956139     
         672  0.495884158551531     
         673  0.418703243936375     
         674  0.520931954947221     
         675  0.462572275407510     
         676  0.438328070374680     
         677  0.315182683607364     
         678  0.541119742256757     
         679  0.518694798780165     
         680  0.545191333217823     
         681  0.117169477295102     
         682  0.342846344289207     
         683  0.516370058673888     
         684  0.512589632300952     
         685  0.447698940947088     
         686  0.543362311939366     
         687  0.496787949302852     
         688  0.520227378375243     
         689  0.364948497680962     
         690  0.564347617754857     
         691  0.384029847713163     
         692  0.534949444903262     
         693  0.545599822482074     
         694  0.522492378084251     
         695  0.321644560567933     
         696  0.584562511370316     
         697  0.373275690600395     
         698  0.355825450970690     
         699  0.508066982949078     
         700  0.593885556042768     
         701  0.561356586931577     
         702  0.553702017395721     
         703  0.502895280915231     
         704  0.608602766672279     
         705  0.615323494817085     
         706  0.582371882646350     
         707  0.488144986778404     
         708  0.488567643314819     
         709  0.334981265905571     
         710  0.589441242585645     
         711  0.556141674810182     
         712  0.334928095410061     
         713  0.486646553780153     
         714  0.472364101303204     
         715  0.466822685092828     
         716  0.396202061576450     
         717  0.549015116205209     
         718  0.568940396705080     
         719  0.300029554560064     
         720  0.468895568626538     
         721  0.401823208048869     
         722  0.442452854942086     
         723  0.287153753867588     
         724  0.600713793106560     
         725  0.420041832265463     
         726  0.493116108816287     
         727  0.543024725072692     
         728  0.543908821138287     
         729  0.567006366041710     
         730  0.540911367266846     
         731  0.299738690402101     
         732  0.579107397187895     
         733  0.562283027585241     
         734  0.576404114653392     
         735  0.520912211904384     
         736  0.515530574384192     
         737  0.470206842960620     
         738  0.503152131911615     
         739  0.426227310949999     
         740  0.468063720332866     
         741  0.553113082704115     
         742  0.601359182540247     
         743  0.553246250232591     
         744  0.435079398123039     
         745  0.555440779128417     
         746  0.473558820406231     
         747  0.575587092343404     
         748  0.295220349693890     
         749  0.541151998052201     
         750  0.473948236009447     
         751  0.460739445332014     
         752  0.553601132976808     
         753  0.507831947503506     
         754  0.557932912271783     
         755  0.523698371361536     
         756  0.447542111883854     
         757  0.427316104376276     
         758  0.551983671119834     
         759  0.546974093556449     
         760  0.439931103119066     
         761  0.565732054722808     
         762  0.554434402149880     
         763  0.501453065009572     
         764  0.405713400387225     
         765  0.475800475360589     
         766  9.999999776482582E-003
         767  0.546132739072123     
         768  0.486417844408150     
         769  0.510239835676524     
         770  0.427484210361547     
         771  0.543482803751699     
         772  0.503838768023329     
         773  0.385898359548491     
         774  0.460576187177924     
         775  0.511306452425277     
         776  0.511600771745938     
         777  0.515490555370804     
         778  0.510239390568395     
         779  0.330785668537009     
         780  0.564447704708141     
         781  0.523358859021814     
         782  0.467336215149478     
         783  0.443214614223004     
         784  0.497762278157642     
         785  0.507199181890550     
         786  0.534889993923799     
         787  0.518315988477303     
         788  0.383306486883702     
         789  0.534386621464698     
         790  0.562898533132373     
         791  0.509064261218196     
         792  0.534743508537129     
         793  0.499589235069389     
         794  0.540167550355677     
         795  0.586065043418720     
         796  0.568569402589735     
         797  0.476707731371642     
         798  0.467393019831290     
         799  0.529600864415742     
         800  0.556102079234748     
         801  0.470943314986697     
         802  0.518741388649358     
         803  0.414609219248258     
         804  0.560174543290458     
         805  0.583432337444586     
         806  0.518506975424301     
