trait/effect level  solution          s.e.
   1   1         1         46.85462262          1.35447340
   1   1         2         58.34849008          2.10405100
   1   1         3         53.78828477          1.12135542
   1   2         1         29.84163441          9.08667429
   1   2         2         11.71005107          7.61380433
   1   2         3         20.39821328          9.30365378
   1   2         4         12.10681089          7.65470952
   1   2         5         29.73941313          9.45201402
   1   2         6         20.57053981          8.35483081
   1   2         7         11.64532332          6.98191059
   1   2         8         26.76539303          8.16124687
   1   2         9         22.53176564          8.10936222
   1   2        10         21.94615724          8.61038678
   1   2        11         17.91002874          8.67076384
   1   2        12          5.33799157          8.06186811
   1   2        13         31.72568137          8.96635367
   1   2        14          5.47585009          7.79597253
   1   2        15         20.12957649          8.40412726
   1   2        16         35.45066000          8.45033635
   1   2        17         19.93445747          8.21864468
   1   2        18         30.97333015          9.28913860
   1   2        19         10.51899736          9.18849823
   1   2        20         28.42637096          7.55210930
   1   2        21         15.49288412          7.77330437
   1   2        22         29.36236788          7.76414245
   1   2        23         11.89919904          8.83231836
   1   2        24         -0.52622001          9.26664992
   1   2        25          4.36234283          8.94681336
   1   2        26          3.16463485          8.22628021
   1   2        27          8.00209101          7.94136349
   1   2        28          4.02306088          8.80071424
   1   2        29          5.81734251          8.91205710
   1   2        30          9.23897946          8.98664011
   1   2        31         10.11393801          9.14537236
   1   2        32          6.50129283          9.18803772
   1   2        33         11.19422358          8.99647235
   1   2        34         -1.86846667          8.55860277
   1   2        35         -3.46647858          8.96801795
   1   2        36          0.71307982          9.01877072
   1   2        37          1.56046881          2.37763447
   1   2        38         -5.00754587          8.94673613
   1   2        39         -3.29186691          9.31468662
   1   2        40        -15.59783588         13.35276441
   1   2        41         -6.60597489          9.39712969
   1   2        42          3.09376056          8.18986474
   1   2        43          0.42680576          8.96174380
   1   2        44          0.10873070          8.51294203
   1   2        45         -1.29416547          8.86737829
   1   2        46          1.60409807          8.02933833
   1   2        47          2.76364702          8.88075790
   1   2        48          4.75172368          9.10573201
   1   2        49         -0.47376100          8.74022214
   1   2        50          6.10974957          7.71154144
   1   2        51          6.69010267          9.13102209
   1   2        52         -8.83627926          8.87652869
   1   2        53          1.91468795          9.01698933
   1   2        54         -7.69799698          9.16070405
   1   2        55         -0.84447067          9.08877721
   1   2        56          0.39930063          9.04766017
   1   2        57         -2.34719673          8.20975791
   1   2        58         -1.13311390          8.21101984
   1   2        59        -18.03775317          8.68772358
   1   2        60         -8.60739728          8.70512694
   1   2        61        -11.51674136          8.93329743
   1   2        62        -14.11888341          8.43491316
   1   2        63        -20.38370195          8.52880272
   1   2        64        -17.62534652          8.65451731
   1   2        65        -21.47949775          8.87458341
   1   2        66         -3.02435731          8.46221767
   1   2        67        -16.69385281          8.40419308
   1   2        68         -6.90237256          8.69091675
   1   2        69         -2.57654060          7.59149231
   1   2        70        -15.69236100          8.84832230
   1   2        71        -15.46120585          8.83757171
   1   2        72        -12.67730921          8.49141404
   1   2        73        -12.94238465          8.83700590
   1   2        74         -9.88311694          8.56772978
   1   2        75        -12.36127116          8.45186183
   1   2        76        -12.74226620          8.74882269
   1   2        77         -0.35372950          9.00636230
   1   2        78         -6.93021772          8.91410017
   1   2        79         -3.05432573          8.88145768
   1   2        80        -18.25386802          8.89276658
   1   2        81         -0.22660579          8.44954146
   1   2        82          2.03835720          8.99248464
   1   2        83         -4.90470602          9.17397722
   1   2        84         -1.34827533          8.74001017
   1   2        85          1.21890788          8.78553123
   1   2        86         -0.62094095          8.84447981
   1   2        87          2.07348260          8.57275562
   1   2        88         -8.62231620          8.85878515
   1   2        89        -13.65954463          8.84167283
   1   2        90          6.06553804          9.11896509
   1   2        91         -8.96216970          9.27627655
   1   2        92         -6.05672305          8.98924259
   1   2        93         -9.50501600          8.97994384
   1   2        94         -5.02796818          9.10656199
   1   2        95          0.84074170          2.13240941
   1   2        96         -7.40704975          9.24991669
   1   2        97         -4.92158144          8.95153167
   1   2        98         -8.51591788          9.28046187
   1   2        99          4.51987526          9.08406967
   1   2       100         -9.61914745          9.04607423
   1   2       101         -2.22362372          9.16885454
   1   2       102         -3.37246943          9.23265955
   1   2       103         -0.59571307          8.99081316
   1   2       104         -8.46454671          8.58638214
   1   2       105         -8.72043613          9.18021777
   1   2       106         -7.61469726          9.17300525
   1   2       107        -10.99742249          9.12925979
   1   2       108          3.12374236          9.01950372
   1   2       109          0.43987443          9.00977074
   1   2       110         -7.45121397          8.94199016
   1   2       111         -1.05344849          8.86275870
   1   2       112         -3.69420453          8.42161019
   1   2       113         -3.43481767          9.22933406
   1   2       114         -2.18432118          9.10250250
   1   2       115          4.29179918          9.26221025
   1   2       116          1.08596175          8.50552826
   1   2       117         -2.95150888          9.26953475
   1   2       118          1.23925031          9.08974349
   1   2       119         -3.86054086          9.11940169
   1   2       120         -0.05397858          1.83484683
   1   2       121         -3.62413361          9.19902827
   1   2       122         -0.99440317          9.52246146
   1   2       123         -0.24100814          9.12455787
   1   2       124          0.34950987          8.87252127
   1   2       125          1.50371848          9.02709593
   1   2       126        -10.01762993          8.13309857
   1   2       127         -6.78426255          9.13411531
   1   2       128        -13.05161238          8.01450675
   1   2       129          7.01237172          8.93228223
   1   2       130         -6.29408023          8.46541095
   1   2       131         -4.24124546          9.13112314
   1   2       132         -0.10574535          9.34204262
   1   2       133          0.48585361          7.86401796
   1   2       134          3.95640893          8.65934826
   1   2       135          2.92698802          9.01243322
   1   2       136          8.27182470          8.86590507
   1   2       137         -3.30013833          8.47463829
   1   2       138         -0.00061907          8.55694767
   1   2       139         -7.09392848          8.00906362
   1   2       140        -13.19336029          8.50941185
   1   2       141        -10.93963772          8.47209651
   1   2       142          2.01707314          8.86726770
   1   2       143        -10.80231627          8.90450685
   1   2       144         -7.41759550          8.75184852
   1   2       145         -5.81518865          8.95023331
   1   2       146          1.54450772          2.37763447
   1   2       147         -8.55581199          8.87306167
   1   2       148         -0.12887615          8.99351933
   1   2       149          1.68091429          9.08690289
   1   2       150         -0.01384392          9.29703452
   1   2       151          3.86336446          8.57486073
   1   2       152          6.17721584          9.25267442
   1   2       153          8.89290828          8.72415143
   1   2       154         10.63450351          8.65163647
   1   2       155          0.32750190          8.77020479
   1   2       156          8.66562863          8.60816304
   1   2       157          4.52640246          8.66242165
   1   2       158          6.84407267          8.58042019
   1   2       159          5.97316043          8.68123776
   1   2       160          7.95317341          7.59740042
   1   2       161          4.36368584          8.75878435
   1   2       162          9.71225605          8.59650559
   1   2       163          6.97800227          8.58198574
   1   2       164          7.64653551          8.64492917
   1   2       165          5.91653828          8.06052190
   1   2       166          5.11495287          8.83712849
   1   2       167          0.19888292          8.63399200
   1   2       168          3.82323969          8.60717159
   1   2       169          1.67067524          8.68437415
   1   2       170          7.25462771          8.83954517
   1   2       171          2.96153978          8.95803464
   1   2       172          4.25372291          8.90486516
   1   2       173          7.92790265          8.81270688
   1   2       174          1.68704149          8.70930576
   1   2       175        -18.75531897          9.23655063
   1   2       176         -3.11930384          8.97595229
   1   2       177         -4.24261884          8.86173363
   1   2       178        -12.52749326          9.01386013
   1   2       179         -4.23929892          9.08453560
   1   2       180        -14.50166934          8.53001144
   1   2       181          6.00370393          8.88319541
   1   2       182         -3.49702474          7.76293382
   1   2       183         -1.53855816          8.54224343
   1   2       184        -12.20736036          8.91694379
   1   2       185         -4.59107451          8.52814552
   1   2       186        -12.54933347          8.94343061
   1   2       187        -10.53453712          8.98390282
   1   2       188         -4.45878701          6.61484837
   1   2       189        -13.58855146          8.85829875
   1   2       190         -0.75731469          8.29576821
   1   2       191          0.20396466          4.60611779
   1   2       192         -9.15511531          8.72681312
   1   2       193         -6.00409637          8.23744375
   1   2       194         -6.64632417          8.38282145
   1   2       195         -0.58800093         12.34264524
   1   2       196         -8.29986204          8.71918244
   1   2       197          0.32728971          8.45571788
   1   2       198         -3.62093996          8.27494267
   1   2       199         -4.28656089          7.85507561
   1   2       200         -1.82751599          8.84099153
   1   2       201          2.90302937          9.18612385
   1   2       202         -1.09549350          9.10416874
   1   2       203         -4.69506935          9.14086840
   1   2       204          4.99056451          8.17259780
   1   2       205         -7.12859037          8.61799800
   1   2       206          2.20194171          8.46602825
   1   2       207          1.19756786          8.68995145
   1   2       208         -0.97240640          7.45325801
   1   2       209         -1.25870903          8.00047937
   1   2       210          3.61641457          8.71734585
   1   2       211         -1.66264789          7.55557040
   1   2       212          5.15890933          8.79137722
   1   2       213         -1.11029772          8.39742073
   1   2       214          2.37566302          8.74385697
   1   2       215          8.19538899          8.35557288
   1   2       216          1.36293056          8.70207103
   1   2       217         -1.92531724          8.35007728
   1   2       218          6.06739045          8.90141404
   1   2       219          6.02037499          8.83084753
   1   2       220          6.09988674          8.73506578
   1   2       221          6.01347935          8.83725109
   1   2       222          4.66120835          8.94860692
   1   2       223          2.50772030          8.49999367
   1   2       224          4.17444341          8.95284988
   1   2       225         -1.49936365          8.58849513
   1   2       226         -0.79982829          8.91122512
   1   2       227          0.00774214          9.01915404
   1   2       228          1.36113294          8.37549725
   1   2       229          0.70784724          8.52816896
   1   2       230          1.44438321          9.03098493
   1   2       231         -2.44951662          5.43636006
   1   2       232        -13.96873962          9.19760205
   1   2       233        -12.87135618          8.93433618
   1   2       234          1.24483615          8.96366613
   1   2       235         -6.52547268          8.95786482
   1   2       236         -5.11884238          8.27085738
   1   2       237        -10.27455082          8.60112451
   1   2       238         -9.81153606          8.56015952
   1   2       239        -11.60010068          8.81460977
   1   2       240        -12.78364802          8.64355514
   1   2       241         -3.83463508          8.89815430
   1   2       242        -12.73126564          8.92464001
   1   2       243        -11.86633169          8.72519348
   1   2       244        -14.18935066          8.69784690
   1   2       245        -13.70216713          8.81524430
   1   2       246         -7.69022011          8.28114026
   1   2       247          7.12504835          8.52229447
   1   2       248          0.03960205          8.92691702
   1   2       249         -1.96158224          8.87164840
   1   2       250          9.27231843          8.82971634
   1   2       251         12.22312646          8.81463869
   1   2       252          7.71405372          8.40033830
   1   2       253         -5.37196106          8.85140516
   1   2       254         -4.06760206          9.09417177
   1   2       255        -11.82497960          8.95761010
   1   2       256          2.56358358          9.23099474
   1   2       257         -4.98906350          9.08769084
   1   2       258         -0.66004142          8.81039901
   1   2       259        -11.87595469          8.72985398
   1   2       260        -15.57386804          9.11805173
   1   2       261         -6.75562437          8.53414390
   1   2       262         -2.00454845          8.95789066
   1   2       263         -5.62884684          9.12586751
   1   2       264          0.84705013          9.16375485
   1   2       265         -1.49194217          9.04347122
   1   2       266         -9.19013590          9.15537366
   1   2       267          1.03222291          8.42883830
   1   2       268         -0.12079840          8.37330089
   1   2       269         -4.69651737          8.81471694
   1   2       270         -0.14372030          9.54150422
   1   2       271         -0.50619803          8.62957830
   1   2       272          5.88939337          8.58433146
   1   2       273         -4.44025475          9.03661364
   1   2       274         -2.25703933          8.87667399
   1   2       275          0.12264620          8.87811980
   1   2       276          1.55319653          8.93279543
   1   2       277         -0.84214250          8.81271778
   1   2       278          0.72035253          8.90365913
   1   2       279         -4.94864392          8.01424993
   1   2       280         -0.41647714          8.86287854
   1   2       281         -2.17404270          8.48566753
   1   2       282        -18.45882058          9.21649308
   1   2       283          3.11863467          9.06969681
   1   2       284         -0.50393510          8.62328464
   1   2       285         -3.95291061          9.20853750
   1   2       286         -1.65915905          8.35319037
   1   2       287          3.64119074          8.94835904
   1   2       288          3.26746881          9.07557884
   1   2       289         -3.70742265          8.57099059
   1   2       290         -4.03271563          9.12957466
   1   2       291         -4.30344969          9.21469070
   1   2       292         -1.91994795          8.46304251
   1   2       293         -3.59081884          8.30304144
   1   2       294          5.02262565          8.83858872
   1   2       295         -4.00934521          8.30068216
   1   2       296         -8.88148638          8.53155016
   1   2       297         -5.43850520          9.03580466
   1   2       298          0.91671751          9.11712850
   1   2       299         -6.13707387          9.02877898
   1   2       300          6.02805698          9.11323154
   1   2       301         -3.36692494          9.38056380
   1   2       302          2.35911607          8.95257964
   1   2       303          1.88480220          8.99060764
   1   2       304         -5.72033686          8.85740012
   1   2       305         -0.27273822          9.61140435
   1   2       306        -18.60320038          8.86263548
   1   2       307         -5.33763866          8.85607108
   1   2       308         -1.17793141          8.92990513
   1   2       309          1.88856230          8.37997767
   1   2       310         -2.46049948          9.00960110
   1   2       311          2.11577677          9.49479533
   1   2       312          6.22727402          8.77905815
   1   2       313          2.45115049          9.26601969
   1   2       314          5.39780079          9.02250133
   1   2       315          1.46582243          8.69532545
   1   2       316        -16.91334855          9.02362905
   1   2       317          1.11870342          8.88152302
   1   2       318          1.87526299          2.37916105
   1   2       319          0.42952031          7.18498933
   1   2       320          4.63987869          8.52765176
   1   2       321         -1.26181183          8.89773659
   1   2       322         -2.96763987          9.12432487
   1   2       323         -9.27049087          9.39088846
   1   2       324         -2.72640388          8.24227712
   1   2       325         -7.04888031          8.79690640
   1   2       326          1.52817328          8.88337753
   1   2       327          6.34096815          9.24999437
   1   2       328          1.80289896          9.39228000
   1   2       329         -4.33508438          9.28321465
   1   2       330        -13.30784766          9.18056691
   1   2       331         -9.01746013          9.11211795
   1   2       332          2.46928665          8.93831840
   1   2       333        -14.65804821          9.18905173
   1   2       334         -8.10919521          9.20824838
   1   2       335         -8.98987054          8.86395254
   1   2       336         -1.51443791          9.06773359
   1   2       337         -4.45190820          9.06095439
   1   2       338          1.94340327          9.42232232
   1   2       339         -0.74769867          8.80485936
   1   2       340         -1.50959914          9.07558955
   1   2       341         -1.86838224          8.49055037
   1   2       342          4.83620735          9.16678356
   1   2       343          2.95278668          9.02490482
   1   2       344        -12.46569105          9.58451375
   1   2       345         -2.95721320          8.90673281
   1   2       346         -5.93251103          9.17188877
   1   2       347         -0.07738894          9.51460558
   1   2       348        -12.37231843          8.96361079
   1   2       349         -7.83453454          8.92704367
   1   2       350         -3.76442680          8.87536692
   1   2       351         -3.31180268          8.72829864
   1   2       352          4.01578912          8.76481088
   1   2       353          1.11206788          8.91063366
   1   2       354          0.66152671          8.81622105
   1   2       355         -1.69323367          8.65701967
   1   2       356          5.00342521          9.25219713
   1   2       357         -2.23454517          9.14379180
   1   2       358          0.68339421          9.17268499
   1   2       359         -0.94004144          9.20693367
   1   2       360          1.42228267          9.10946114
   1   2       361          0.74634511          9.04276976
   1   2       362         -1.31112292          9.20778762
   1   2       363          0.55929634          8.96488812
   1   2       364          0.06051709          8.91413495
   1   2       365          2.74014438          9.26795364
   1   2       366         -3.54523354          8.95053901
   1   2       367         -1.96693708          9.19782100
   1   2       368         -4.79384732          8.98971665
   1   2       369        -10.89195959          8.84862701
   1   2       370         -8.29438463          8.70788067
   1   2       371         -9.83940277          8.94350669
   1   2       372         -8.07714089          8.91453035
   1   2       373         -5.01333056          8.89274212
   1   2       374          1.55410475          8.14735043
   1   2       375         -9.79251800          9.20597291
   1   2       376         -8.91159325          8.59413669
   1   2       377         -5.89303624          8.96183688
   1   2       378         -7.44595218          9.27158614
   1   2       379         -1.61345430          9.20065221
   1   2       380         -3.76254549          9.09603530
   1   2       381        -11.27318301          8.98476238
   1   2       382        -12.23629667          8.83681098
   1   2       383          1.15115396          8.92097469
   1   2       384          3.02187684          9.15449765
   1   2       385         -3.25097478          9.10833129
   1   2       386          0.31428525          8.98316155
   1   2       387         -7.31889619          8.96292420
   1   2       388         -8.61226046          8.91708398
   1   2       389        -12.22070736          8.96270617
   1   2       390         -1.69871817          8.95322457
   1   2       391         -6.34046177          9.14614318
   1   2       392         -9.60624375          9.14641976
   1   2       393         -5.97966657          8.96511873
   1   2       394         -3.60074534          9.13263287
   1   2       395         -5.38066906          9.07349355
   1   2       396         -6.30671432          8.95238340
   1   2       397         -1.62620927          8.91630607
   1   2       398         -2.47263599          9.03075388
   1   2       399         -1.10974806          8.94894192
   1   2       400         -7.05841199          9.14397138
   1   2       401         -3.30449129          7.73261434
   1   2       402        -11.01879756          9.15057102
   1   2       403         -9.53084232          8.90631788
   1   2       404        -12.98646614          9.16173147
   1   2       405        -11.85171284          9.05524316
   1   2       406         -4.66069678          9.05572481
   1   2       407         -1.36351222          8.96746957
   1   2       408         -3.14310711          8.98270207
   1   2       409         -6.50890557          8.87708585
   1   2       410         -0.88268308          8.82219400
   1   2       411         -0.89098888          9.18738403
   1   2       412        -15.18432925          8.83892478
   1   2       413          2.75950947          8.87727361
   1   2       414        -10.17801032          9.00544160
   1   2       415         -3.84410504          9.10800765
   1   2       416         -3.37174837          9.18549771
   1   2       417         -3.14554042          9.20352114
   1   2       418          2.34198838          9.03115381
   1   2       419          0.72873132          8.93788107
   1   2       420          1.25579464          9.10743932
   1   2       421         -1.88001906          9.08557934
   1   2       422         -0.82739304          9.23390218
   1   2       423        -11.94509111          8.89409718
   1   2       424         -4.97794570          8.88862411
   1   2       425          0.77625702          8.90496865
   1   2       426         -6.15390280          8.79068508
   1   2       427          5.57641419          8.05410030
   1   2       428         -6.94315573          8.92503087
   1   2       429        -11.20097616          8.85772032
   1   2       430        -17.08451049          8.65569527
   1   2       431        -11.18585804          8.86166159
   1   2       432        -11.67444008          8.64565543
   1   2       433         -0.49581262          8.89815032
   1   2       434         -6.87444366          8.91334289
   1   2       435         -2.95704199          8.72781905
   1   2       436         -6.79456879          8.24794457
   1   2       437        -19.26083536          8.65428195
   1   2       438        -12.37324475          8.68878727
   1   2       439         -6.27126948          8.73403584
   1   2       440         -8.60065491          8.83326590
   1   2       441         -7.57660768          8.89023127
   1   2       442        -12.87248602          8.78921217
   1   2       443         -8.10361253          8.84484562
   1   2       444        -12.69966886          8.97091039
   1   2       445         -4.20226159          8.98757198
   1   2       446          5.71130227          9.03926395
   1   2       447        -14.38103629          8.88655437
   1   2       448         -9.10385136          8.78401628
   1   2       449          4.10970619          9.35033843
   1   2       450          9.73620050          8.90469727
   1   2       451          5.30206520          9.13643786
   1   2       452          3.33169139          9.11647545
   1   2       453         -2.08200273          9.17488156
   1   2       454         -1.89671407          9.10201956
   1   2       455         11.67023625          7.47599314
   1   2       456         -0.52209328          8.73767464
   1   2       457         -4.24568747          8.70427560
   1   2       458        -13.69598603          9.10205119
   1   2       459          0.43679318          9.29798613
   1   2       460          0.13638978          9.14694380
   1   2       461          5.13362278          8.97494899
   1   2       462          4.13734185          8.77558795
   1   2       463          4.69919189          9.00412816
   1   2       464          4.12978149          8.84785926
   1   2       465         -7.22599548          9.05781135
   1   2       466         -4.40280331          9.33610417
   1   2       467          2.37675460          9.19600169
   1   2       468         -1.23109389          8.89510567
   1   2       469         -0.45217166          9.07599026
   1   2       470        -17.09641386          8.95727739
   1   2       471         -8.73688270          8.84147926
   1   2       472        -10.32814542          8.74547207
   1   2       473        -11.31760926          8.91749859
   1   2       474          7.26550081          8.80973272
   1   2       475          0.26812775          8.97400305
   1   2       476          3.74742872          9.21080562
   1   2       477         -4.53316688          9.21526014
   1   2       478          3.93161725          9.14465640
   1   2       479         -3.66698197          9.03153261
   1   2       480          3.71962750          9.04672425
   1   2       481          3.12417810          8.86535819
   1   2       482          3.29464226          9.01936750
   1   2       483          3.50118334          9.22724567
   1   2       484          5.59969150          9.02832395
   1   2       485          0.18126885          8.24293324
   1   2       486        -11.41889187          8.80104329
   1   2       487        -12.65154124          9.03001800
   1   2       488        -15.59534936          8.75156902
   1   2       489        -13.48502663          8.72649851
   1   2       490        -13.32405458          8.82000591
   1   2       491        -11.80420742          8.87509763
   1   2       492        -11.07125699          8.97032825
   1   2       493        -12.43215562          9.01126064
   1   2       494         -5.89838988          8.87652544
   1   2       495          0.14373531          8.21546439
   1   2       496         -2.27003838          8.81763326
   1   2       497          2.19477180          8.96607170
   1   2       498          8.48564571          8.70317217
   1   2       499          5.16205183          8.87820359
   1   2       500          4.60655461          8.73088161
   1   2       501          2.63034794          8.77070689
   1   2       502          1.90259001          8.64042684
   1   2       503          3.71189162          8.74141013
   1   2       504          6.51962689          9.01160572
   1   2       505         14.70261786          8.10602377
   1   2       506         -6.38352752          9.09533334
   1   2       507          6.01796752          8.78280038
   1   2       508         11.09024262          8.97166695
   1   2       509          0.10581580          9.02099865
   1   2       510          0.70436791          8.89196176
   1   2       511         -1.34816388          8.64240462
   1   2       512         -1.65375407          8.75251341
   1   2       513         -1.07718044          8.71220255
   1   2       514         -0.23956639          9.05071165
   1   2       515         -0.07662166          9.22673322
   1   2       516          0.56573016          8.85478746
   1   2       517          2.96768260          8.74761617
   1   2       518          0.35683915          8.83492557
   1   2       519          7.12299926          8.91367194
   1   2       520          2.51720921          9.00904789
   1   2       521          2.32042469          9.04999843
   1   2       522         -2.71110637          9.03253266
   1   2       523         -5.07458669          9.05967152
   1   2       524         -9.09776222          9.40151039
   1   2       525        -11.27434710          8.97775778
   1   2       526         -9.39827148          9.05535195
   1   2       527         -9.89054262          8.92597512
   1   2       528         10.60654357          9.02757864
   1   2       529          0.38107283          9.29513953
   1   2       530         -2.75202273          8.99500886
   1   2       531          3.71255971          9.05232464
   1   2       532         -3.12025700          9.07114794
   1   2       533         -6.56604957          9.04529507
   1   2       534          0.58692270          8.99992690
   1   2       535          3.37619504          9.19454358
   1   2       536         -2.06163134          9.00017846
   1   2       537          3.96556231          8.91844612
   1   2       538          2.00706890          9.11603134
   1   2       539          4.30059677          8.86738962
   1   2       540          3.08223615          8.95066160
   1   2       541         -2.32566851          9.18900979
   1   2       542         -0.91393540          9.15739500
   1   2       543         -0.73440154          9.17433168
   1   2       544          5.64428311          9.11073807
   1   2       545          7.91670142          8.97698410
   1   2       546          3.74776222          8.99516517
   1   2       547          4.06401621          9.02048607
   1   2       548          4.64128875          8.90356082
   1   2       549          1.33054638          8.97030250
   1   2       550         -7.92401567          9.20610169
   1   2       551          3.16541809          8.96684491
   1   2       552          2.76474403          8.90446611
   1   2       553          3.02179994          9.07098713
   1   2       554          0.69186436          8.96776537
   1   2       555         11.54568068          8.99475798
   1   2       556         -2.58429765          8.69580952
   1   2       557          2.10115986          8.67132130
   1   2       558          1.96612053          8.72567104
   1   2       559          1.95864348          8.66149052
   1   2       560         -0.89922951          9.05951248
   1   2       561         -7.87533244          9.01757224
   1   2       562         -2.71092392          9.05718077
   1   2       563          1.34202518          8.84639494
   1   2       564         -0.36455553          8.98167243
   1   2       565          0.77843125          9.08641688
   1   2       566          3.51615332          9.00688390
   1   2       567         -5.61520250          9.35405925
   1   2       568         -2.94850075          8.87935283
   1   2       569        -13.05556596          8.99845008
   1   2       570         -3.12771697          9.05589188
   1   2       571         -7.16366516          8.54302178
   1   2       572         -8.88410930          8.98316385
   1   2       573        -12.04061047          8.83769746
   1   2       574         -2.00507165          8.80495469
   1   2       575          5.09562527          8.93557178
   1   2       576          1.72931375          9.26255208
   1   2       577         -0.31650315          9.20248834
   1   2       578          2.79786555          9.09730780
   1   2       579        -21.66456376          8.73702312
   1   2       580        -11.11502038          8.77057671
   1   2       581         -7.69182895          8.79331309
   1   2       582        -16.93773208          8.72809816
   1   2       583        -14.24358282          8.70634307
   1   2       584         16.12769252          7.85620305
   1   2       585          7.72995993          9.05379383
   1   2       586          6.79554646          8.97958598
   1   2       587          5.56594001          8.87806277
   1   2       588          4.85012253          9.05082919
   1   2       589          4.05005190          8.67073625
   1   2       590          8.79038277          8.82092594
   1   2       591          6.13323670          8.96705407
   1   2       592        -12.92731807          8.83087927
   1   2       593        -13.70462333          8.65420549
   1   2       594        -12.23856445          8.84581679
   1   2       595        -14.70044242          8.58408046
   1   2       596        -16.60049696          8.90152043
   1   2       597         -8.89977867          8.49746564
   1   2       598        -13.46207275          8.86664355
   1   2       599         -0.82744056          8.73901411
   1   2       600          8.75367876          9.06654678
   1   2       601         -4.35904301          8.81062868
   1   2       602         -5.96464727          8.79519347
   1   2       603          0.08513518          8.85658412
   1   2       604        -12.60966902          9.21630620
   1   2       605        -11.15314632          9.10581231
   1   2       606        -17.19368091          9.06606920
   1   2       607          4.40207235          9.48406766
   1   2       608         -8.23881958          9.36751852
   1   2       609          1.63825317          9.00305504
   1   2       610          0.05262250          9.14604654
   1   2       611         10.02690905          7.76238083
   1   2       612          2.89254820          9.10078504
   1   2       613          3.13693201          9.08433430
   1   2       614          5.02901505          9.04730282
   1   2       615          2.51942851          8.93893421
   1   2       616          3.61955345          9.04985430
   1   2       617         -0.98950939          8.91752049
   1   2       618          2.91266133          9.17238571
   1   2       619         -2.46171642          9.01943736
   1   2       620          4.20290466          9.06275953
   1   2       621          6.55983758          8.67871832
   1   2       622          6.29763304          8.91317732
   1   2       623          6.58637156          8.74941897
   1   2       624          7.99081460          8.90620553
   1   2       625          4.91749677          8.83950687
   1   2       626          5.77871973          8.82282835
   1   2       627          7.61535367          8.88817973
   1   2       628          3.02443452          8.95989478
   1   2       629         -0.03918915          9.06416635
   1   2       630          2.81987964          9.11664912
   1   2       631          5.15816432          8.82523692
   1   2       632          2.37538795          8.90980983
   1   2       633          2.03214563          9.42383808
   1   2       634         -9.84063794          8.73359111
   1   2       635         -6.05077223          8.89385917
   1   2       636         -7.06674797          8.72443171
   1   2       637         -5.41464082          8.82998180
   1   2       638         11.88999524          7.53963542
   1   2       639         -9.52393579          8.76720419
   1   2       640         -4.70489044          8.89065277
   1   2       641         -7.19791165          9.01603314
   1   2       642          1.69734187          9.08375067
   1   2       643          1.67725354          8.97644363
   1   2       644          9.55319783          8.80763869
   1   2       645         19.09351867          8.62053603
   1   2       646          9.82319326          7.96192118
   1   2       647         34.11451165          8.89694805
   1   2       648         15.15435081          9.47495806
   1   2       649         16.07407862          8.58429384
   1   2       650         25.19474537          9.16509383
   1   2       651         19.91640982          9.16852413
   1   2       652         18.93691666          8.95654608
   1   2       653         12.01598737          9.17663987
   1   2       654         21.81795081          8.65952964
   1   2       655          7.32988193          9.14112124
   1   2       656         26.12572706          8.96722911
   1   2       657         14.87183954          8.54089970
   1   2       658         12.42228558          9.13740314
   1   2       659         24.81091813          9.27440964
   1   2       660         15.67563377          9.16031256
   1   2       661         11.51342435          8.78615751
   1   2       662          9.95333843          7.80918150
   1   2       663         14.30254464          8.37638339
   1   2       664         27.72048723          9.18518414
   1   2       665         15.64036318          8.80417231
   1   2       666         23.27038312          9.29962489
   1   2       667          2.63427423          2.37842933
   1   2       668         20.97691584          8.71798213
   1   2       669          9.65783285          8.60311191
   1   2       670         27.10140066         11.05281899
   1   2       671         20.04041773          8.68174545
   1   2       672         16.14030035          9.12803649
   1   2       673         20.76378081          9.06600077
   1   2       674         21.48797316          8.89265958
   1   2       675         21.30227989          8.91273061
   1   2       676         22.98932698          8.83961466
   1   2       677         14.07501598          8.29408830
   1   2       678         15.13840335          9.22364253
   1   2       679         14.67623839          8.77726716
   1   2       680         15.81320040          8.93928000
   1   2       681          2.38165554          2.37842933
   1   2       682         23.39031204          8.47711537
   1   2       683         21.81866395          9.13493594
   1   2       684         27.58297587          7.47503646
   1   2       685         22.26197650          9.14602361
   1   2       686         20.30619622          8.87470790
   1   2       687         21.69209963          8.73996825
   1   2       688         14.24257932          9.00507923
   1   2       689         22.22014032          8.70367676
   1   2       690         24.01018280          9.19237132
   1   2       691         21.50103880          8.58786116
   1   2       692         12.27039995          9.30854602
   1   2       693         33.68682773          8.24207068
   1   2       694         30.84344128          8.23615589
   1   2       695         21.18308917          8.41338336
   1   2       696         23.73568907          9.17649441
   1   2       697         22.48074261          8.68020599
   1   2       698         20.99980223          8.48757287
   1   2       699         16.68801400          9.11928169
   1   2       700         27.88400615          9.35137362
   1   2       701         27.86648895          9.14537071
   1   2       702         21.64480232          8.71786324
   1   2       703         11.00152536          8.89365629
   1   2       704         22.16629330          9.57867833
   1   2       705         27.91031254          9.07586604
   1   2       706         12.57501556          8.95231518
   1   2       707         24.72051702          9.16130098
   1   2       708         25.06530115          9.13222765
   1   2       709         16.72740903          8.42925206
   1   2       710         29.72760979          9.50677637
   1   2       711         33.76137200          8.51843403
   1   2       712         13.57863795          8.53661651
   1   2       713         29.00112166          9.13867046
   1   2       714         24.86092925          9.09625642
   1   2       715         28.05553170          8.94931598
   1   2       716         21.76533548          8.91826501
   1   2       717         22.51635069          9.06980068
   1   2       718         28.29009854          8.16125750
   1   2       719         18.62882518          8.21246271
   1   2       720         19.78272375          9.24126025
   1   2       721         23.45529405          8.73008666
   1   2       722         19.98504556          9.02381790
   1   2       723         14.14363917          8.13401550
   1   2       724         12.63605384          9.03770288
   1   2       725         12.23014944          8.70388051
   1   2       726         11.67630308          8.61940423
   1   2       727         -0.55944514          7.36933952
   1   2       728         17.61847357          7.60943499
   1   2       729         -5.03414101         11.97107708
   1   2       730         13.26579423         10.93785782
   1   2       731          1.20003436         10.02435368
   1   2       732         -9.75643654         12.41737611
   1   2       733         -2.51671284         12.32118763
   1   2       734          4.49552743         12.20969024
   1   2       735          3.55670952         10.31672242
   1   2       736         -4.17377288         11.92953293
   1   2       737         -6.08923142         10.85259317
   1   2       738         -2.57231428         11.49530814
   1   2       739          4.19717663          9.60397709
   1   2       740         -9.38232649         10.60731533
   1   2       741         -0.23207981          9.62887288
   1   2       742          6.72740168         11.68709354
   1   2       743        -10.34200022         11.99792389
   1   2       744         -2.04982096         10.73748156
   1   2       745         -1.56047545         10.93649853
   1   2       746          0.41027419         11.40056311
   1   2       747          2.32910659         12.58229147
   1   2       748          2.19272952          9.96131923
   1   2       749         -2.07014463         11.68867620
   1   2       750         -5.82663705         11.39497641
   1   2       751          0.69916165         11.57895692
   1   2       752          1.26268509         11.30306610
   1   2       753          8.95140242         12.09192919
   1   2       754         -6.32801840         11.59571970
   1   2       755         -9.86440645         11.54998351
   1   2       756          4.13427209         10.05948184
   1   2       757         -9.05438046         10.83802265
   1   2       758        -13.60300398         12.04173405
   1   2       759         -5.24126583         11.75476740
   1   2       760          3.13955701         11.27246581
   1   2       761         -3.12787495         12.01203691
   1   2       762         10.52602013         11.65167281
   1   2       763        -10.75228800         11.23758141
   1   2       764          2.34742046          9.34048386
   1   2       765         -3.95784157         10.62491929
   1   2       766          0.00000000          1.84972574
   1   2       767         -9.57270355         11.46734718
   1   2       768        -10.84531342         11.00498928
   1   2       769         -6.92212011         11.70835693
   1   2       770         -4.94903267         10.98397542
   1   2       771         -0.14611192         12.52260314
   1   2       772        -16.66885385         10.97731294
   1   2       773         -4.38600100          9.35137218
   1   2       774          3.99508921         10.81814948
   1   2       775          5.04307970         12.05838759
   1   2       776         12.44261704         11.22339472
   1   2       777          8.08999745         11.06524267
   1   2       778        -19.98078663         11.47034542
   1   2       779          1.49793985         10.25078435
   1   2       780         -0.85999447         12.63128688
   1   2       781         -5.23444582         11.36467196
   1   2       782          6.47717083         11.11722216
   1   2       783          5.49756314         11.12359663
   1   2       784        -12.33886640         11.36481443
   1   2       785         -9.51221343         10.87996746
   1   2       786         -1.11158489         12.48997490
   1   2       787        -13.19596619         11.40407842
   1   2       788         -0.75381524         11.18176902
   1   2       789         -2.74062424         12.31329829
   1   2       790         -7.18526057         11.46703186
   1   2       791        -14.88833849         11.95865247
   1   2       792         -7.40908390         12.45869049
   1   2       793          3.99978810         11.76609410
   1   2       794         12.62232130         11.65631912
   1   2       795          3.02860532         11.42075517
   1   2       796         -5.42429128         11.12924840
   1   2       797          1.97276245         11.40719517
   1   2       798          0.89147564         11.70968877
   1   2       799         -1.37770411         11.89176556
   1   2       800          6.97750353         12.27872386
   1   2       801          2.14443621         10.96808580
   1   2       802          5.65162814         11.05136688
   1   2       803         -0.60321321          9.57473167
   1   2       804        -16.82548550         11.48305595
   1   2       805         -1.18699271         11.65661585
   1   2       806         -1.74919198         11.54136743
