trait/effect level  solution          s.e.
   1   1         1         44.41801697          1.25964985
   1   1         2         56.60244448          2.89079805
   1   1         3         51.46098318          1.12904955
   1   2         1          0.00000073          0.00150314
   1   2         2         39.02519989         19.39206278
   1   2         3         48.73593521         19.39206278
   1   2         4          0.00000015          0.00100536
   1   2         5          0.00000093          0.00162950
   1   2         6          0.00000036          0.00114412
   1   2         7          0.00000015          0.00090878
   1   2         8          0.00000112          0.00153589
   1   2         9          0.00000138          0.00139186
   1   2        10          0.00000043          0.00149426
   1   2        11          0.00000047          0.00149289
   1   2        12         -0.00000072          0.00144890
   1   2        13          0.00000123          0.00151755
   1   2        14         -0.00000054          0.00146535
   1   2        15         52.67370605         19.39206278
   1   2        16         54.68077850         19.39206278
   1   2        17         55.63246155         19.39206278
   1   2        18         52.90993118         19.39206278
   1   2        19         38.90254974         19.39206278
   1   2        20         49.20185852         19.39206278
   1   2        21         53.66290665         19.39206278
   1   2        22          0.00000141          0.00151014
   1   2        23         -0.00000001          0.00148962
   1   2        24          0.00000019          0.00151047
   1   2        25          0.00000028          0.00141630
   1   2        26          0.00000014          0.00113301
   1   2        27         -0.00000002          0.00146972
   1   2        28          0.00000045          0.00145822
   1   2        29          0.00000055          0.00155550
   1   2        30          0.00000056          0.00151009
   1   2        31          0.00000045          0.00154051
   1   2        32          0.00000042          0.00153067
   1   2        33          0.00000062          0.00151533
   1   2        34          0.00000004          0.00121021
   1   2        35          0.00000000          0.00148581
   1   2        36          0.00000032          0.00149343
   1   2        37         -0.00000000          0.00020312
   1   2        38         -0.00000026          0.00143521
   1   2        39         -0.00000008          0.00148216
   1   2        40         -0.00000000          0.00020312
   1   2        41         -0.00000024          0.00152445
   1   2        42          0.00000081          0.00134612
   1   2        43          0.00000021          0.00152733
   1   2        44          0.00000026          0.00136309
   1   2        45          0.00000022          0.00148158
   1   2        46          0.00000048          0.00129642
   1   2        47          0.00000031          0.00137664
   1   2        48          0.00000033          0.00150571
   1   2        49          0.00000026          0.00139758
   1   2        50          0.00000072          0.00128157
   1   2        51          0.00000021          0.00149799
   1   2        52         -0.00000060          0.00147631
   1   2        53         -0.00000008          0.00149346
   1   2        54          0.00000001          0.00152931
   1   2        55          0.00000026          0.00148138
   1   2        56          0.00000002          0.00152457
   1   2        57          0.00000008          0.00151512
   1   2        58          0.00000008          0.00152120
   1   2        59         -0.00000080          0.00141217
   1   2        60         -0.00000062          0.00141975
   1   2        61         -0.00000084          0.00145268
   1   2        62         -0.00000078          0.00135195
   1   2        63         -0.00000128          0.00149856
   1   2        64         -0.00000115          0.00147534
   1   2        65         -0.00000131          0.00155288
   1   2        66          0.00000016          0.00140346
   1   2        67         -0.00000114          0.00148269
   1   2        68         -0.00000069          0.00143252
   1   2        69         -0.00000002          0.00097390
   1   2        70         -0.00000096          0.00152871
   1   2        71         -0.00000097          0.00151320
   1   2        72         -0.00000075          0.00142198
   1   2        73         -0.00000059          0.00141539
   1   2        74         -0.00000092          0.00149353
   1   2        75         -0.00000060          0.00137859
   1   2        76         -0.00000080          0.00152990
   1   2        77         -0.00000070          0.00148479
   1   2        78         -0.00000048          0.00149736
   1   2        79          0.00000004          0.00131761
   1   2        80         -0.00000086          0.00150682
   1   2        81         -0.00000005          0.00133967
   1   2        82          0.00000011          0.00129250
   1   2        83         -0.00000018          0.00152663
   1   2        84          0.00000020          0.00139339
   1   2        85         -0.00000032          0.00147808
   1   2        86         -0.00000034          0.00147935
   1   2        87          0.00000005          0.00120529
   1   2        88         -0.00000064          0.00149290
   1   2        89         -0.00000114          0.00150581
   1   2        90          0.00000018          0.00137589
   1   2        91         -0.00000029          0.00148866
   1   2        92         -0.00000037          0.00147316
   1   2        93         -0.00000053          0.00147332
   1   2        94         -0.00000014          0.00150177
   1   2        95          0.00000000          0.00023669
   1   2        96         -0.00000031          0.00150323
   1   2        97         -0.00000001          0.00112240
   1   2        98         -0.00000024          0.00155860
   1   2        99          0.00000038          0.00150074
   1   2       100         -0.00000043          0.00148428
   1   2       101         -0.00000017          0.00148234
   1   2       102         -0.00000030          0.00151259
   1   2       103          0.00000002          0.00147511
   1   2       104         -0.00000009          0.00120201
   1   2       105         -0.00000040          0.00151126
   1   2       106         -0.00000045          0.00154577
   1   2       107         -0.00000027          0.00150652
   1   2       108          0.00000007          0.00147539
   1   2       109         -0.00000008          0.00156772
   1   2       110         -0.00000009          0.00149517
   1   2       111          0.00000063          0.00140275
   1   2       112          0.00000002          0.00118601
   1   2       113          0.00000022          0.00151803
   1   2       114         -0.00000002          0.00147149
   1   2       115          0.00000032          0.00155145
   1   2       116          0.00000001          0.00119217
   1   2       117         -0.00000001          0.00150454
   1   2       118          0.00000012          0.00147046
   1   2       119          0.00000024          0.00149837
   1   2       120         -0.00000000          0.00020312
   1   2       121          0.00000014          0.00151451
   1   2       122         -0.00000010          0.00157362
   1   2       123          0.00000004          0.00147746
   1   2       124          0.00000018          0.00140696
   1   2       125          0.00000033          0.00148546
   1   2       126          0.00000005          0.00127174
   1   2       127         -0.00000018          0.00153759
   1   2       128         -0.00000052          0.00131634
   1   2       129          0.00000081          0.00153498
   1   2       130         -0.00000004          0.00125542
   1   2       131         -0.00000012          0.00150267
   1   2       132         -0.00000001          0.00154064
   1   2       133          0.00000002          0.00104411
   1   2       134          0.00000010          0.00125446
   1   2       135          0.00000037          0.00148046
   1   2       136          0.00000090          0.00152924
   1   2       137          0.00000002          0.00119198
   1   2       138         -0.00000066          0.00148340
   1   2       139         -0.00000051          0.00133537
   1   2       140         -0.00000114          0.00149587
   1   2       141         -0.00000085          0.00143688
   1   2       142          0.00000012          0.00129518
   1   2       143         -0.00000071          0.00149340
   1   2       144         -0.00000018          0.00144142
   1   2       145         -0.00000038          0.00148228
   1   2       146         -0.00000000          0.00020312
   1   2       147         -0.00000055          0.00146819
   1   2       148          0.00000016          0.00150920
   1   2       149          0.00000028          0.00154765
   1   2       150          0.00000006          0.00158399
   1   2       151          0.00000060          0.00149649
   1   2       152          0.00000019          0.00133440
   1   2       153          0.00000077          0.00151121
   1   2       154          0.00000095          0.00152758
   1   2       155          0.00000055          0.00150948
   1   2       156          0.00000090          0.00153250
   1   2       157          0.00000076          0.00148382
   1   2       158          0.00000079          0.00146580
   1   2       159          0.00000079          0.00152517
   1   2       160          0.00000088          0.00129538
   1   2       161          0.00000064          0.00150495
   1   2       162          0.00000104          0.00151086
   1   2       163          0.00000087          0.00150270
   1   2       164          0.00000084          0.00152183
   1   2       165          0.00000090          0.00138526
   1   2       166          0.00000071          0.00153781
   1   2       167          0.00000028          0.00143903
   1   2       168          0.00000062          0.00141187
   1   2       169          0.00000038          0.00150090
   1   2       170          0.00000063          0.00151863
   1   2       171          0.00000053          0.00157880
   1   2       172          0.00000061          0.00154026
   1   2       173          0.00000052          0.00157481
   1   2       174          0.00000049          0.00147112
   1   2       175         -0.00000074          0.00153717
   1   2       176         -0.00000051          0.00151174
   1   2       177         -0.00000016          0.00143856
   1   2       178         -0.00000051          0.00149946
   1   2       179         -0.00000037          0.00149203
   1   2       180         -0.00000065          0.00138136
   1   2       181          0.00000061          0.00145406
   1   2       182         -0.00000001          0.00103156
   1   2       183         -0.00000015          0.00140557
   1   2       184         -0.00000073          0.00145601
   1   2       185         -4.87301880         19.43293124
   1   2       186         -0.00000085          0.00149970
   1   2       187         -0.00000080          0.00149281
   1   2       188         -0.00000004          0.00083044
   1   2       189         -0.00000099          0.00147382
   1   2       190          0.00000004          0.00112823
   1   2       191         -0.00000001          0.00057402
   1   2       192         -0.00000049          0.00145325
   1   2       193         -0.00000013          0.00132611
   1   2       194         -0.00000022          0.00135463
   1   2       195         -0.00000000          0.00281785
   1   2       196         -0.00000055          0.00145134
   1   2       197          0.00000003          0.00117028
   1   2       198          0.00000016          0.00134275
   1   2       199         -0.00000009          0.00125899
   1   2       200          0.00000020          0.00143498
   1   2       201          0.00000007          0.00132569
   1   2       202          0.00000025          0.00151017
   1   2       203          0.00000026          0.00154687
   1   2       204          0.00000008          0.00113644
   1   2       205          0.00000020          0.00138151
   1   2       206          0.00000015          0.00121766
   1   2       207          0.00000014          0.00124659
   1   2       208         -0.00000000          0.00098535
   1   2       209          0.00000042          0.00132455
   1   2       210          0.00000027          0.00150135
   1   2       211          0.00000050          0.00126622
   1   2       212          0.00000047          0.00148910
   1   2       213          0.00000028          0.00139384
   1   2       214          0.00000017          0.00147495
   1   2       215          0.00000070          0.00139985
   1   2       216          0.00000023          0.00145784
   1   2       217          0.00000031          0.00135518
   1   2       218          0.00000051          0.00149885
   1   2       219          0.00000061          0.00149412
   1   2       220          0.00000051          0.00148997
   1   2       221          0.00000061          0.00147874
   1   2       222          0.00000054          0.00139086
   1   2       223          0.00000037          0.00141597
   1   2       224          0.00000033          0.00150022
   1   2       225          0.00000035          0.00142630
   1   2       226          0.00000008          0.00150187
   1   2       227          0.00000008          0.00151507
   1   2       228          0.00000052          0.00133487
   1   2       229          0.00000003          0.00120222
   1   2       230          0.00000007          0.00148504
   1   2       231         -0.00000001          0.00064215
   1   2       232         -0.00000044          0.00152714
   1   2       233         -0.00000049          0.00142024
   1   2       234          0.00000033          0.00148232
   1   2       235          0.00000016          0.00147937
   1   2       236         -0.00000006          0.00132143
   1   2       237         -0.00000048          0.00145221
   1   2       238         -0.00000041          0.00139677
   1   2       239         -0.00000052          0.00150317
   1   2       240         -0.00000077          0.00147605
   1   2       241         -0.00000003          0.00149087
   1   2       242         -0.00000057          0.00149256
   1   2       243         -0.00000050          0.00146834
   1   2       244         -0.00000080          0.00149611
   1   2       245         -0.00000074          0.00149994
   1   2       246         -0.00000027          0.00132513
   1   2       247          0.00000022          0.00119297
   1   2       248          0.00000013          0.00152416
   1   2       249         -0.00000005          0.00149161
   1   2       250          0.00000086          0.00146063
   1   2       251          0.00000091          0.00150383
   1   2       252          0.00000043          0.00120991
   1   2       253         -0.00000048          0.00146895
   1   2       254         -0.00000039          0.00151331
   1   2       255         -0.00000096          0.00151309
   1   2       256         -0.00000015          0.00152356
   1   2       257         -0.00000034          0.00149632
   1   2       258          0.00000002          0.00142887
   1   2       259         -0.00000019          0.00141479
   1   2       260         -0.00000080          0.00147876
   1   2       261         -0.00000007          0.00139634
   1   2       262          8.08755796         19.60634623
   1   2       263          0.94755476         19.60634623
   1   2       264          4.75755613         19.60634623
   1   2       265          3.80755537         19.60634623
   1   2       266        -11.36244280         19.60634623
   1   2       267          7.42755430         19.60634623
   1   2       268         -4.13244326         19.60634623
   1   2       269          1.97755735         19.60634623
   1   2       270          4.72755735         19.60634623
   1   2       271         -1.70244295         19.60634623
   1   2       272          3.16755598         19.60634623
   1   2       273          3.54755705         19.60634623
   1   2       274         -4.70244295         19.60634623
   1   2       275          1.95755689         19.60634623
   1   2       276          0.35755460         19.60634623
   1   2       277          1.44755476         19.60634623
   1   2       278          8.17755430         19.60634623
   1   2       279        -10.56244356         19.60634623
   1   2       280          0.00000019          0.00129263
   1   2       281         -5.00244601         19.60634623
   1   2       282        -23.22244341         19.60634623
   1   2       283          1.53755491         19.60634623
   1   2       284         -2.71244509         19.60634623
   1   2       285        -16.79244311         19.60634623
   1   2       286         -0.92244417         19.60634623
   1   2       287          7.83755796         19.60634623
   1   2       288          4.66755598         19.60634623
   1   2       289          0.00000025          0.00134290
   1   2       290          0.33755415         19.60634623
   1   2       291          1.78755491         19.60634623
   1   2       292         -7.46244509         19.60634623
   1   2       293          1.36755674         19.60634623
   1   2       294          5.64755552         19.60634623
   1   2       295        -17.33244402         19.60634623
   1   2       296         -4.27244265         19.60634623
   1   2       297        -14.30244524         19.60634623
   1   2       298          6.86755674         19.60634623
   1   2       299         -0.34244616         19.60634623
   1   2       300          9.00755613         19.60634623
   1   2       301         -8.15244372         19.60634623
   1   2       302          8.16755216         19.60634623
   1   2       303          5.13755720         19.60634623
   1   2       304         -6.25244601         19.60634623
   1   2       305         -0.00000015          0.00153094
   1   2       306         -0.00000110          0.00145553
   1   2       307          0.00000010          0.00132012
   1   2       308          0.00000009          0.00148221
   1   2       309          0.00000007          0.00114228
   1   2       310          0.00000009          0.00140688
   1   2       311          0.00000020          0.00153737
   1   2       312         -0.00000010          0.00149255
   1   2       313          0.00000018          0.00149636
   1   2       314          0.00000077          0.00143215
   1   2       315          0.00000045          0.00157140
   1   2       316         -0.00000060          0.00150724
   1   2       317          0.00000079          0.00152294
   1   2       318          0.00000000          0.00020312
   1   2       319          0.00000005          0.00093030
   1   2       320          0.00000017          0.00123085
   1   2       321          0.00000008          0.00132570
   1   2       322          0.00000010          0.00141988
   1   2       323         -0.00000024          0.00153579
   1   2       324          0.00000041          0.00150465
   1   2       325          0.00000043          0.00141359
   1   2       326          0.00000023          0.00140356
   1   2       327          0.00000058          0.00152002
   1   2       328          0.00000026          0.00141488
   1   2       329         -0.00000008          0.00149172
   1   2       330         -0.00000028          0.00149095
   1   2       331         -0.00000019          0.00145607
   1   2       332         -0.00000006          0.00147473
   1   2       333         -0.00000081          0.00150978
   1   2       334         -0.00000001          0.00150932
   1   2       335         -0.00000048          0.00144990
   1   2       336         -0.00000040          0.00149832
   1   2       337          0.00000025          0.00141026
   1   2       338          0.00000020          0.00142415
   1   2       339          0.00000045          0.00138389
   1   2       340         -0.00000014          0.00151074
   1   2       341          0.00000026          0.00133299
   1   2       342          0.00000065          0.00153326
   1   2       343          0.00000049          0.00154707
   1   2       344         -0.00000041          0.00155010
   1   2       345          0.00000027          0.00144265
   1   2       346         -0.00000016          0.00144617
   1   2       347          0.00000002          0.00149670
   1   2       348         -0.00000084          0.00149442
   1   2       349         -0.00000076          0.00149137
   1   2       350         -0.00000030          0.00136489
   1   2       351         -0.00000010          0.00131159
   1   2       352          0.00000039          0.00130492
   1   2       353          0.00000036          0.00150219
   1   2       354          0.00000032          0.00148888
   1   2       355          0.00000033          0.00148706
   1   2       356          0.00000028          0.00149541
   1   2       357         -0.00000015          0.00158058
   1   2       358         -0.00000012          0.00147061
   1   2       359          0.00000026          0.00144580
   1   2       360          0.00000063          0.00158568
   1   2       361          0.00000063          0.00156135
   1   2       362          0.00000036          0.00153611
   1   2       363          0.00000043          0.00150541
   1   2       364          0.00000017          0.00129545
   1   2       365          0.00000032          0.00138717
   1   2       366          0.00000011          0.00130327
   1   2       367          0.00000001          0.00141414
   1   2       368         -0.00000023          0.00144548
   1   2       369         -0.00000040          0.00143874
   1   2       370         -0.00000029          0.00143287
   1   2       371         -0.00000036          0.00144575
   1   2       372         -0.00000055          0.00143679
   1   2       373         -0.00000026          0.00140479
   1   2       374         -0.00000049          0.00137296
   1   2       375         -0.00000037          0.00142608
   1   2       376         -0.00000029          0.00142812
   1   2       377         -0.00000021          0.00135571
   1   2       378         -0.00000017          0.00149057
   1   2       379          0.00000012          0.00146419
   1   2       380         -0.00000007          0.00145925
   1   2       381         -0.00000047          0.00149068
   1   2       382         -0.00000067          0.00145837
   1   2       383          0.00000060          0.00148537
   1   2       384          0.00000047          0.00150902
   1   2       385         -0.00000059          0.00148044
   1   2       386          0.00000015          0.00148768
   1   2       387         -0.00000064          0.00151763
   1   2       388         -0.00000053          0.00152481
   1   2       389         -0.00000051          0.00149370
   1   2       390          0.00000006          0.00152027
   1   2       391         -0.00000070          0.00151569
   1   2       392         -0.00000059          0.00152589
   1   2       393         -0.00000005          0.00147845
   1   2       394         -0.00000020          0.00150865
   1   2       395         -0.00000013          0.00150738
   1   2       396         -0.00000037          0.00152779
   1   2       397         -0.00000015          0.00152221
   1   2       398         -0.00000025          0.00151609
   1   2       399         -0.00000042          0.00149156
   1   2       400         -0.00000026          0.00151825
   1   2       401          0.00000020          0.00151376
   1   2       402         -0.00000062          0.00151633
   1   2       403         -0.00000064          0.00147883
   1   2       404         -0.00000071          0.00152653
   1   2       405         -0.00000069          0.00152277
   1   2       406         -0.00000000          0.00158393
   1   2       407          0.00000022          0.00151735
   1   2       408         -0.00000011          0.00156339
   1   2       409         -0.00000043          0.00148413
   1   2       410         -0.00000036          0.00145018
   1   2       411          0.00000006          0.00148529
   1   2       412         -0.00000083          0.00150273
   1   2       413         -0.00000019          0.00145667
   1   2       414         -0.00000045          0.00149016
   1   2       415          0.00000006          0.00149436
   1   2       416          0.00000002          0.00154174
   1   2       417         -0.00000007          0.00153692
   1   2       418          0.00000023          0.00154192
   1   2       419          0.00000029          0.00148865
   1   2       420          0.00000019          0.00147800
   1   2       421         -0.00000041          0.00150108
   1   2       422          0.00000010          0.00151742
   1   2       423         -0.00000092          0.00145812
   1   2       424         -0.00000045          0.00145734
   1   2       425         -0.00000027          0.00150941
   1   2       426         -0.00000040          0.00147323
   1   2       427          0.00000099          0.00154791
   1   2       428         -0.00000051          0.00147011
   1   2       429         -0.00000095          0.00155267
   1   2       430         -0.00000113          0.00148662
   1   2       431         -0.00000089          0.00145089
   1   2       432         -0.00000105          0.00147461
   1   2       433         -0.00000043          0.00148227
   1   2       434         -0.00000063          0.00145842
   1   2       435         -0.00000062          0.00144163
   1   2       436         -0.00000111          0.00157950
   1   2       437         -0.00000126          0.00150873
   1   2       438         -0.00000109          0.00148326
   1   2       439         -0.00000080          0.00146969
   1   2       440         -0.00000062          0.00148829
   1   2       441         -0.00000074          0.00151398
   1   2       442         -0.00000083          0.00146596
   1   2       443         -0.00000082          0.00150932
   1   2       444         -0.00000092          0.00152508
   1   2       445         -0.00000063          0.00154999
   1   2       446          0.00000015          0.00149877
   1   2       447         -0.00000078          0.00145455
   1   2       448         -0.00000091          0.00140703
   1   2       449          0.00000026          0.00154314
   1   2       450          0.00000077          0.00156935
   1   2       451          0.00000026          0.00150094
   1   2       452          0.00000033          0.00148226
   1   2       453         -0.00000009          0.00155301
   1   2       454         -0.00000018          0.00150841
   1   2       455          0.00000105          0.00152100
   1   2       456         -0.00000012          0.00144867
   1   2       457         -0.00000011          0.00141678
   1   2       458         -0.00000051          0.00147649
   1   2       459          0.00000027          0.00151218
   1   2       460          0.00000025          0.00151033
   1   2       461          0.00000048          0.00136433
   1   2       462          0.00000057          0.00134668
   1   2       463          0.00000063          0.00141159
   1   2       464          0.00000070          0.00142991
   1   2       465          0.00000004          0.00154205
   1   2       466          0.00000015          0.00149474
   1   2       467          0.00000056          0.00153220
   1   2       468          0.00000004          0.00150732
   1   2       469          0.00000017          0.00139628
   1   2       470         -0.00000036          0.00152844
   1   2       471         -0.00000015          0.00149698
   1   2       472         -0.00000026          0.00147281
   1   2       473         -0.00000022          0.00151261
   1   2       474          0.00000046          0.00131142
   1   2       475          0.00000005          0.00136231
   1   2       476          0.00000011          0.00159989
   1   2       477         -0.00000017          0.00150106
   1   2       478          0.00000022          0.00159919
   1   2       479         -0.00000014          0.00151100
   1   2       480         -0.00000000          0.00151096
   1   2       481          0.00000056          0.00146899
   1   2       482          0.00000044          0.00154903
   1   2       483          0.00000077          0.00153184
   1   2       484          0.00000085          0.00157411
   1   2       485          0.00000016          0.00152902
   1   2       486         -0.00000071          0.00147890
   1   2       487         -0.00000063          0.00153619
   1   2       488         -0.00000101          0.00148283
   1   2       489         -0.00000095          0.00147744
   1   2       490         -0.00000081          0.00151600
   1   2       491         -0.00000084          0.00150252
   1   2       492         -0.00000093          0.00152197
   1   2       493         -0.00000094          0.00154516
   1   2       494         -0.00000065          0.00151419
   1   2       495          0.00000026          0.00153313
   1   2       496          0.00000016          0.00152969
   1   2       497          0.00000044          0.00154471
   1   2       498          0.00000099          0.00151413
   1   2       499          0.00000062          0.00149827
   1   2       500          0.00000059          0.00155795
   1   2       501          0.00000042          0.00153324
   1   2       502          0.00000061          0.00155217
   1   2       503          0.00000041          0.00153158
   1   2       504          0.00000059          0.00154365
   1   2       505          0.00000046          0.00147270
   1   2       506          0.00000007          0.00148199
   1   2       507          0.00000083          0.00145914
   1   2       508          0.00000101          0.00150732
   1   2       509          0.00000004          0.00152014
   1   2       510          0.00000037          0.00154356
   1   2       511          0.00000016          0.00150429
   1   2       512          0.00000027          0.00152323
   1   2       513          0.00000026          0.00153210
   1   2       514          0.00000059          0.00151379
   1   2       515          0.00000030          0.00156369
   1   2       516          0.00000008          0.00147737
   1   2       517          0.00000024          0.00146613
   1   2       518         -0.00000003          0.00147855
   1   2       519          0.00000066          0.00153722
   1   2       520          0.00000014          0.00153802
   1   2       521          0.00000023          0.00150924
   1   2       522         -0.00000010          0.00148605
   1   2       523         -0.00000031          0.00147329
   1   2       524         -0.00000024          0.00153151
   1   2       525         -0.00000072          0.00149431
   1   2       526         -0.00000056          0.00151975
   1   2       527         -0.00000069          0.00148199
   1   2       528          0.00000074          0.00148596
   1   2       529         -0.00000001          0.00152638
   1   2       530          0.00000011          0.00154284
   1   2       531          0.00000019          0.00140533
   1   2       532          0.00000007          0.00138521
   1   2       533          0.00000008          0.00140841
   1   2       534          0.00000031          0.00153068
   1   2       535          0.00000054          0.00149297
   1   2       536          0.00000026          0.00147907
   1   2       537          0.00000044          0.00149056
   1   2       538          0.00000041          0.00143982
   1   2       539          0.00000047          0.00134485
   1   2       540          0.00000056          0.00135810
   1   2       541          0.00000040          0.00148479
   1   2       542          0.00000021          0.00149969
   1   2       543          0.00000033          0.00147414
   1   2       544          0.00000081          0.00143652
   1   2       545          0.00000080          0.00138391
   1   2       546          0.00000042          0.00152053
   1   2       547          0.00000005          0.00150734
   1   2       548          0.00000016          0.00148541
   1   2       549         -0.00000010          0.00152524
   1   2       550         -0.00000027          0.00149609
   1   2       551          0.00000024          0.00135611
   1   2       552          0.00000048          0.00136622
   1   2       553          0.00000026          0.00151358
   1   2       554          0.00000009          0.00148411
   1   2       555          0.00000058          0.00151290
   1   2       556         -0.00000028          0.00146680
   1   2       557         -0.00000025          0.00146879
   1   2       558         -0.00000021          0.00148789
   1   2       559          0.00000007          0.00134093
   1   2       560         -0.00000006          0.00144758
   1   2       561         -0.00000022          0.00151882
   1   2       562         -0.00000030          0.00148456
   1   2       563          0.00000029          0.00136411
   1   2       564          0.00000027          0.00149306
   1   2       565          0.00000033          0.00149703
   1   2       566          0.00000043          0.00136967
   1   2       567         -0.00000025          0.00151651
   1   2       568         -0.00000037          0.00144933
   1   2       569         -0.00000050          0.00148071
   1   2       570         -0.00000029          0.00150703
   1   2       571          0.00000004          0.00123933
   1   2       572         -0.00000030          0.00145907
   1   2       573         -0.00000047          0.00145775
   1   2       574         -0.00000033          0.00147109
   1   2       575         -0.00000006          0.00145012
   1   2       576         -0.00000024          0.00156112
   1   2       577         -0.00000011          0.00152828
   1   2       578         -0.00000003          0.00149892
   1   2       579         -0.00000114          0.00143796
   1   2       580         -0.00000093          0.00146586
   1   2       581         -0.00000058          0.00140041
   1   2       582         -0.00000106          0.00145147
   1   2       583         -0.00000110          0.00147624
   1   2       584          0.00000107          0.00144231
   1   2       585          0.00000049          0.00144903
   1   2       586          0.00000054          0.00152914
   1   2       587          0.00000062          0.00142904
   1   2       588          0.00000054          0.00148422
   1   2       589          0.00000054          0.00127772
   1   2       590          0.00000077          0.00145563
   1   2       591          0.00000056          0.00153114
   1   2       592         -0.00000100          0.00152659
   1   2       593         -0.00000096          0.00150843
   1   2       594         -0.00000090          0.00149578
   1   2       595         -0.00000098          0.00147942
   1   2       596         -0.00000105          0.00149668
   1   2       597         -0.00000094          0.00145335
   1   2       598         -0.00000087          0.00146015
   1   2       599         -0.00000055          0.00145635
   1   2       600          0.00000052          0.00151497
   1   2       601         -0.00000069          0.00150458
   1   2       602         -0.00000055          0.00157181
   1   2       603         -0.00000047          0.00157320
   1   2       604          0.00000002          0.00151714
   1   2       605         -0.00000005          0.00150514
   1   2       606         -0.00000067          0.00150659
   1   2       607          0.00000026          0.00156666
   1   2       608         -0.00000021          0.00150438
   1   2       609          0.00000031          0.00149453
   1   2       610         -0.00000003          0.00152597
   1   2       611         11.18901835         19.42490288
   1   2       612          0.00000010          0.00149356
   1   2       613          0.00000008          0.00154392
   1   2       614          0.00000022          0.00153947
   1   2       615          0.00000017          0.00150206
   1   2       616          0.00000011          0.00151159
   1   2       617         -0.00000006          0.00148704
   1   2       618          0.00000015          0.00147683
   1   2       619         -0.00000004          0.00151032
   1   2       620          0.00000002          0.00152562
   1   2       621          0.00000055          0.00144622
   1   2       622          0.00000074          0.00152409
   1   2       623          0.00000068          0.00147303
   1   2       624          0.00000080          0.00153769
   1   2       625          0.00000047          0.00149603
   1   2       626          0.00000057          0.00147532
   1   2       627          0.00000071          0.00150071
   1   2       628          0.00000052          0.00150174
   1   2       629          0.00000033          0.00149498
   1   2       630          0.00000006          0.00150992
   1   2       631          0.00000027          0.00148684
   1   2       632          0.00000035          0.00145870
   1   2       633          0.00000003          0.00151884
   1   2       634         -0.00000046          0.00149088
   1   2       635         -0.00000035          0.00151644
   1   2       636         -0.00000047          0.00147926
   1   2       637         -0.00000050          0.00149694
   1   2       638          0.00000028          0.00152498
   1   2       639         -0.00000063          0.00148688
   1   2       640         -0.00000032          0.00147688
   1   2       641         -0.00000051          0.00152898
   1   2       642          0.00000044          0.00144024
   1   2       643          0.00000010          0.00145218
   1   2       644         -0.00000033          0.00143548
   1   2       645          0.00000059          0.00150292
   1   2       646         -0.00000047          0.00147425
   1   2       647          0.00000136          0.00151297
   1   2       648         -0.00000011          0.00154891
   1   2       649         -0.00000016          0.00151834
   1   2       650          0.00000091          0.00145657
   1   2       651          0.00000011          0.00146194
   1   2       652          0.00000065          0.00134555
   1   2       653         -0.00000010          0.00149906
   1   2       654          0.00000035          0.00124551
   1   2       655         -0.00000026          0.00149483
   1   2       656          0.00000071          0.00149875
   1   2       657          0.00000017          0.00120674
   1   2       658         -0.00000033          0.00150461
   1   2       659          0.00000027          0.00151162
   1   2       660          0.00000021          0.00147385
   1   2       661          0.00000007          0.00131120
   1   2       662         -0.00000049          0.00144761
   1   2       663          0.00000023          0.00115301
   1   2       664          0.00000072          0.00155788
   1   2       665         34.45339203         19.39206278
   1   2       666          0.00000050          0.00151712
   1   2       667          0.00000001          0.00020312
   1   2       668          0.00000029          0.00125068
   1   2       669         -0.00000079          0.00152022
   1   2       670         39.44093323         19.39206278
   1   2       671          0.00000023          0.00123626
   1   2       672          0.00000036          0.00143725
   1   2       673          0.00000030          0.00132587
   1   2       674         -0.00000023          0.00146363
   1   2       675          0.00000007          0.00138419
   1   2       676          0.00000019          0.00134577
   1   2       677          0.00000038          0.00115730
   1   2       678         -0.00000024          0.00149363
   1   2       679         -0.00000039          0.00146578
   1   2       680          0.00000009          0.00150447
   1   2       681          0.00000000          0.00020312
   1   2       682          0.00000028          0.00118746
   1   2       683          0.00000057          0.00146582
   1   2       684          0.00000124          0.00145607
   1   2       685          0.00000052          0.00135851
   1   2       686          0.00000049          0.00150215
   1   2       687          0.00000003          0.00143608
   1   2       688         -0.00000033          0.00146914
   1   2       689          0.00000054          0.00123077
   1   2       690          0.00000097          0.00153438
   1   2       691          0.00000039          0.00127027
   1   2       692          0.00000006          0.00149140
   1   2       693          0.00000136          0.00150706
   1   2       694          0.00000128          0.00147051
   1   2       695          0.00000033          0.00116999
   1   2       696          0.00000076          0.00155592
   1   2       697          0.00000051          0.00124797
   1   2       698          0.00000050          0.00122529
   1   2       699         -0.00000010          0.00144999
   1   2       700          0.00000084          0.00156950
   1   2       701          0.00000096          0.00152718
   1   2       702         -0.00000018          0.00151112
   1   2       703          0.00000030          0.00145186
   1   2       704          0.00000037          0.00159050
   1   2       705          0.00000049          0.00159568
   1   2       706         -0.00000041          0.00155100
   1   2       707          0.00000048          0.00141822
   1   2       708          0.00000045          0.00142136
   1   2       709          0.00000031          0.00119134
   1   2       710          0.00000076          0.00156209
   1   2       711          0.00000068          0.00151553
   1   2       712          0.00000018          0.00118549
   1   2       713          0.00000086          0.00142154
   1   2       714          0.00000064          0.00140109
   1   2       715          0.00000067          0.00139841
   1   2       716          0.00000041          0.00128909
   1   2       717          0.00000093          0.00150906
   1   2       718          0.00000116          0.00153872
   1   2       719          0.00000027          0.00113397
   1   2       720          0.00000038          0.00139990
   1   2       721          0.00000071          0.00129658
   1   2       722          0.00000039          0.00136201
   1   2       723          0.00000014          0.00107272
   1   2       724         -0.00000003          0.00157575
   1   2       725          0.00000004          0.00132382
   1   2       726         -0.00000030          0.00142824
   1   2       727         -0.00000097          0.00150017
   1   2       728         55.13605499         19.39206278
   1   2       729          0.00000000          0.00000000
   1   2       730          0.00000000          0.00000000
   1   2       731          0.00000000          0.00000000
   1   2       732          0.00000000          0.00000000
   1   2       733          0.00000000          0.00000000
   1   2       734          0.00000000          0.00000000
   1   2       735          0.00000000          0.00000000
   1   2       736          0.00000000          0.00000000
   1   2       737          0.00000000          0.00000000
   1   2       738          0.00000000          0.00000000
   1   2       739          0.00000000          0.00000000
   1   2       740          0.00000000          0.00000000
   1   2       741          0.00000000          0.00000000
   1   2       742          0.00000000          0.00000000
   1   2       743          0.00000000          0.00000000
   1   2       744          0.00000000          0.00000000
   1   2       745          0.00000000          0.00000000
   1   2       746          0.00000000          0.00000000
   1   2       747          0.00000000          0.00000000
   1   2       748          0.00000000          0.00000000
   1   2       749          0.00000000          0.00000000
   1   2       750          0.00000000          0.00000000
   1   2       751          0.00000000          0.00000000
   1   2       752          0.00000000          0.00000000
   1   2       753          0.00000000          0.00000000
   1   2       754          0.00000000          0.00000000
   1   2       755          0.00000000          0.00000000
   1   2       756          0.00000000          0.00000000
   1   2       757          0.00000000          0.00000000
   1   2       758          0.00000000          0.00000000
   1   2       759          0.00000000          0.00000000
   1   2       760          0.00000000          0.00000000
   1   2       761          0.00000000          0.00000000
   1   2       762          0.00000000          0.00000000
   1   2       763          0.00000000          0.00000000
   1   2       764          0.00000000          0.00000000
   1   2       765          0.00000000          0.00000000
   1   2       766          0.00000000          0.00000000
   1   2       767          0.00000000          0.00000000
   1   2       768          0.00000000          0.00000000
   1   2       769          0.00000000          0.00000000
   1   2       770          0.00000000          0.00000000
   1   2       771          0.00000000          0.00000000
   1   2       772          0.00000000          0.00000000
   1   2       773          0.00000000          0.00000000
   1   2       774          0.00000000          0.00000000
   1   2       775          0.00000000          0.00000000
   1   2       776          0.00000000          0.00000000
   1   2       777          0.00000000          0.00000000
   1   2       778         -0.00000054          0.00145398
   1   2       779          0.00000004          0.00118258
   1   2       780          0.00000009          0.00153286
   1   2       781          0.00000030          0.00147553
   1   2       782          0.00000017          0.00139692
   1   2       783         -0.00000001          0.00135434
   1   2       784         -0.00000037          0.00144444
   1   2       785         -0.00000035          0.00145331
   1   2       786          0.00000000          0.00149046
   1   2       787         -0.00000036          0.00146844
   1   2       788          0.00000002          0.00125942
   1   2       789          0.00000018          0.00149411
   1   2       790          0.00000023          0.00152959
   1   2       791         -0.00000038          0.00145547
   1   2       792         -0.00000003          0.00149399
   1   2       793          0.00000024          0.00143868
   1   2       794          0.00000057          0.00149805
   1   2       795          0.00000033          0.00155881
   1   2       796          0.00000019          0.00153708
   1   2       797          0.00000033          0.00140839
   1   2       798          0.00000042          0.00139201
   1   2       799         -0.00000003          0.00148216
   1   2       800          0.00000050          0.00152007
   1   2       801          0.00000039          0.00140077
   1   2       802          0.00000052          0.00147137
   1   2       803          0.00000008          0.00132854
   1   2       804         -0.00000067          0.00152426
   1   2       805          0.00000055          0.00155312
   1   2       806         -0.00000024          0.00146524
