           1   7876.51446340662     
           2  0.000000000000000E+000
           3  0.000000000000000E+000
           4   37270.5206194661     
           5   977.936874075165     
           6   18239.5116441254     
           7   2829.87819899364     
           8   164.728454326669     
           9   81.6053447556157     
          10   14966.5808314561     
          11   1387.78294778935     
          12   3936.96351476841     
          13   47288.5634673981     
          14   712.310392182653     
          15  0.000000000000000E+000
          16  0.000000000000000E+000
          17  0.000000000000000E+000
          18  0.000000000000000E+000
          19  0.000000000000000E+000
          20  0.000000000000000E+000
          21  0.000000000000000E+000
          22   3087.94643634763     
          23   12215.1399547443     
          24   21543.1074115076     
          25   1438.64267870896     
          26   18129.3892398640     
          27   26250.9856891354     
          28   1772.30541316371     
          29   2195.00251346713     
          30   3512.78699490529     
          31   461025.289539697     
          32   195612.339604928     
          33   251555.863981572     
          34   81765.0933614422     
          35   277.025017622767     
          36   13701.5565219483     
          37   2993.35396175766     
          38   6294.21259603960     
          39   3184.98529925465     
          40   9390.87153473336     
          41   4783.69376660674     
          42   121929.657853818     
          43   347277.034731802     
          44   155457.945389753     
          45   284594.007118228     
          46   505343.649020889     
          47   382823.586701466     
          48   758.252912606164     
          49   15367.5087176388     
          50   18237.9564378587     
          51   5415.51549716008     
          52   8859.08277232930     
          53   5854.42239631316     
          54   212038.060955348     
          55   251843.412183615     
          56   8290.40929388379     
          57   112317.772503936     
          58   116270.501280850     
          59   41913.3320170990     
          60   100919.400046009     
          61   180927.712105207     
          62   58181.4762977612     
          63   77473.7672862110     
          64   117353.150872967     
          65   54578.6685958466     
          66   114285.900266063     
          67   44468.0216869542     
          68   11949.9143783344     
          69   8648.93798239731     
          70   20542.8595417437     
          71   4077.98738120639     
          72   118687.757917909     
          73   27782.9830860727     
          74   51358.7807511409     
          75   90721.1492282887     
          76   51369.8774887513     
          77   2658.49670797779     
          78   13436.8114161829     
          79   36306.4553908373     
          80   16438.2646843336     
          81   19826.6326525674     
          82   10913.9881408668     
          83   11242.4552094756     
          84   11988.3347328290     
          85   411.048265414955     
          86   19544.5126887787     
          87   75734.7654487859     
          88   62806.5817136796     
          89   23622.0136094487     
          90   279.031318632458     
          91   35801.1816762620     
          92   82005.8179834113     
          93   9705.99422766880     
          94   63652.1946078747     
          95   175438.073287834     
          96   236.707768346909     
          97   47525.8158488242     
          98   215305.240301333     
          99   7760.99565457286     
         100   7292.71687261340     
         101   92966.5418954836     
         102   888.702873341745     
         103   87729.2187293591     
         104   45554.8236734126     
         105   20801.9921961196     
         106   68827.0814392296     
         107   44347.0316485986     
         108   896.422208535537     
         109   32429.8519827505     
         110   1921.75440208821     
         111   69058.6311082958     
         112   8786.76601026947     
         113   49116.3635837807     
         114   20955.1806423130     
         115   2025.35736772668     
         116   19520.3559081938     
         117   1072.21109250405     
         118   4346.04333630334     
         119   16521.5649667049     
         120   520.279496332717     
         121   9495.63715443998     
         122   2827.58584768695     
         123   1384.69239870240     
         124   87148.0091441951     
         125   10580.0502260634     
         126   6605.31448136782     
         127   10987.0160257418     
         128   94.8925931461046     
         129   96.5276416632571     
         130   970.472603074065     
         131   589.698803143760     
         132   2558.88035103279     
         133   2252.95219964939     
         134   127745.147158623     
         135   18455.5557823384     
         136   30240.5501771010     
         137   12005.9848500869     
         138   73935.6334839176     
         139   159217.186442505     
         140   42271.6813036318     
         141   101918.188462659     
         142   267266.017741834     
         143   222881.767363841     
         144   157208.781060477     
         145   336457.685946398     
         146   358850.475686962     
         147   216076.023517688     
         148   4615.33265713812     
         149   969.055122591945     
         150   7836.17503429387     
         151   619274.667623912     
         152   562890.613013938     
         153   512020.206635815     
         154   685459.507117567     
         155   403434.760532835     
         156   546423.643939520     
         157   322401.729177063     
         158   399036.301391923     
         159   659214.104577081     
         160   500109.855720098     
         161   488084.936825666     
         162   424952.443160506     
         163   605191.805105108     
         164   756599.974552175     
         165   614886.534652764     
         166   516733.047937085     
         167   308455.047112809     
         168   145378.302335245     
         169   160579.670152308     
         170   77848.0383980593     
         171   11892.7233219044     
         172   102779.730155756     
         173   78087.0711972798     
         174   21283.8820146218     
         175   3969.50818190332     
         176   7529.85756972969     
         177   43185.1889814605     
         178   69986.3263195988     
         179   6395.78419252270     
         180   60045.3575701761     
         181   19300.4357836776     
         182   1385.70398383189     
         183   15392.8058193999     
         184   59628.2689472095     
         185  0.000000000000000E+000
         186   21581.9576454220     
         187   46098.7737117985     
         188   3684.79373117109     
         189   10686.2063057504     
         190   729.281977648846     
         191  0.000000000000000E+000
         192  0.000000000000000E+000
         193   1528.53669984388     
         194  0.000000000000000E+000
         195   2.81559805587088     
         196   2574.43939012831     
         197  0.000000000000000E+000
         198  0.000000000000000E+000
         199  0.000000000000000E+000
         200  0.000000000000000E+000
         201  0.000000000000000E+000
         202   73.5602249299003     
         203  0.000000000000000E+000
         204  0.000000000000000E+000
         205  0.000000000000000E+000
         206  0.000000000000000E+000
         207  0.000000000000000E+000
         208   155.445256331132     
         209  0.000000000000000E+000
         210  0.000000000000000E+000
         211  0.000000000000000E+000
         212  0.000000000000000E+000
         213  0.000000000000000E+000
         214  0.000000000000000E+000
         215  0.000000000000000E+000
         216  0.000000000000000E+000
         217  0.000000000000000E+000
         218  0.000000000000000E+000
         219  0.000000000000000E+000
         220  0.000000000000000E+000
         221  0.000000000000000E+000
         222  0.000000000000000E+000
         223   12.1067205626801     
         224  0.000000000000000E+000
         225  0.000000000000000E+000
         226  0.000000000000000E+000
         227  0.000000000000000E+000
         228  0.000000000000000E+000
         229  0.000000000000000E+000
         230  0.000000000000000E+000
         231  0.000000000000000E+000
         232  0.000000000000000E+000
         233  0.000000000000000E+000
         234  0.000000000000000E+000
         235  0.000000000000000E+000
         236  0.000000000000000E+000
         237  0.000000000000000E+000
         238  0.000000000000000E+000
         239  0.000000000000000E+000
         240  0.000000000000000E+000
         241  0.000000000000000E+000
         242  0.000000000000000E+000
         243  0.000000000000000E+000
         244  0.000000000000000E+000
         245  0.000000000000000E+000
         246  0.000000000000000E+000
         247  0.000000000000000E+000
         248  0.000000000000000E+000
         249  0.000000000000000E+000
         250  0.000000000000000E+000
         251  0.000000000000000E+000
         252  0.000000000000000E+000
         253  0.000000000000000E+000
         254  0.448787346773438     
         255  0.000000000000000E+000
         256  0.000000000000000E+000
         257  0.000000000000000E+000
         258  0.000000000000000E+000
         259   72.9358244758463     
         260  0.000000000000000E+000
         261  0.000000000000000E+000
         262  0.000000000000000E+000
         263  0.000000000000000E+000
         264  0.000000000000000E+000
         265  0.000000000000000E+000
         266  0.000000000000000E+000
         267  0.000000000000000E+000
         268  0.000000000000000E+000
         269  0.000000000000000E+000
         270  0.000000000000000E+000
         271  0.000000000000000E+000
         272  0.000000000000000E+000
         273  0.000000000000000E+000
         274  0.000000000000000E+000
         275  0.000000000000000E+000
         276  0.000000000000000E+000
         277  0.000000000000000E+000
         278  0.000000000000000E+000
         279  0.000000000000000E+000
         280  0.000000000000000E+000
         281  0.000000000000000E+000
         282  0.000000000000000E+000
         283  0.000000000000000E+000
         284  0.000000000000000E+000
         285  0.000000000000000E+000
         286  0.000000000000000E+000
         287  0.000000000000000E+000
         288  0.000000000000000E+000
         289  0.000000000000000E+000
         290  0.000000000000000E+000
         291  0.000000000000000E+000
         292  0.000000000000000E+000
         293  0.000000000000000E+000
         294  0.000000000000000E+000
         295  0.000000000000000E+000
         296  0.000000000000000E+000
         297  0.000000000000000E+000
         298  0.000000000000000E+000
         299  0.000000000000000E+000
         300  0.000000000000000E+000
         301  0.000000000000000E+000
         302  0.000000000000000E+000
         303  0.000000000000000E+000
         304  0.000000000000000E+000
         305  0.000000000000000E+000
         306  0.000000000000000E+000
         307  0.000000000000000E+000
         308  0.000000000000000E+000
         309  0.000000000000000E+000
         310  0.000000000000000E+000
         311  0.000000000000000E+000
         312  0.000000000000000E+000
         313  0.000000000000000E+000
         314  0.000000000000000E+000
         315  0.000000000000000E+000
         316  0.000000000000000E+000
         317  0.000000000000000E+000
         318  0.000000000000000E+000
         319  0.000000000000000E+000
         320  0.000000000000000E+000
         321  0.000000000000000E+000
         322  0.000000000000000E+000
         323  0.000000000000000E+000
         324   4.07311316443805     
         325  0.000000000000000E+000
         326  0.000000000000000E+000
         327  0.000000000000000E+000
         328  0.000000000000000E+000
         329  0.000000000000000E+000
         330  0.000000000000000E+000
         331  0.000000000000000E+000
         332  0.000000000000000E+000
         333  0.000000000000000E+000
         334  0.000000000000000E+000
         335  0.000000000000000E+000
         336  0.000000000000000E+000
         337  0.000000000000000E+000
         338  0.000000000000000E+000
         339  0.000000000000000E+000
         340  0.000000000000000E+000
         341  0.000000000000000E+000
         342  0.000000000000000E+000
         343  0.000000000000000E+000
         344  0.000000000000000E+000
         345  0.000000000000000E+000
         346  0.000000000000000E+000
         347  0.000000000000000E+000
         348  0.000000000000000E+000
         349  0.000000000000000E+000
         350  0.000000000000000E+000
         351  0.000000000000000E+000
         352  0.361740992324758     
         353  0.000000000000000E+000
         354  0.000000000000000E+000
         355  0.000000000000000E+000
         356  0.000000000000000E+000
         357  0.000000000000000E+000
         358  0.000000000000000E+000
         359  0.000000000000000E+000
         360  0.000000000000000E+000
         361  0.000000000000000E+000
         362  0.000000000000000E+000
         363  0.000000000000000E+000
         364  0.000000000000000E+000
         365  0.000000000000000E+000
         366  0.000000000000000E+000
         367  0.000000000000000E+000
         368  0.000000000000000E+000
         369  0.000000000000000E+000
         370  0.000000000000000E+000
         371  0.000000000000000E+000
         372  0.000000000000000E+000
         373  0.000000000000000E+000
         374  0.000000000000000E+000
         375  0.000000000000000E+000
         376  0.000000000000000E+000
         377  0.000000000000000E+000
         378  0.000000000000000E+000
         379   3.24478157783016     
         380  0.000000000000000E+000
         381  0.000000000000000E+000
         382  0.000000000000000E+000
         383  0.000000000000000E+000
         384  0.000000000000000E+000
         385  0.000000000000000E+000
         386  0.000000000000000E+000
         387  0.000000000000000E+000
         388  0.000000000000000E+000
         389  0.000000000000000E+000
         390  0.000000000000000E+000
         391  0.000000000000000E+000
         392  0.000000000000000E+000
         393  0.000000000000000E+000
         394  0.000000000000000E+000
         395  0.000000000000000E+000
         396  0.000000000000000E+000
         397  0.000000000000000E+000
         398  0.000000000000000E+000
         399  0.000000000000000E+000
         400  0.000000000000000E+000
         401  0.000000000000000E+000
         402  0.000000000000000E+000
         403  0.000000000000000E+000
         404  0.000000000000000E+000
         405  0.000000000000000E+000
         406  0.000000000000000E+000
         407  0.000000000000000E+000
         408  0.000000000000000E+000
         409  0.000000000000000E+000
         410  0.000000000000000E+000
         411  0.000000000000000E+000
         412  0.000000000000000E+000
         413  0.000000000000000E+000
         414  0.000000000000000E+000
         415  0.000000000000000E+000
         416  0.000000000000000E+000
         417  0.000000000000000E+000
         418  0.000000000000000E+000
         419  0.000000000000000E+000
         420  0.000000000000000E+000
         421  0.000000000000000E+000
         422  0.000000000000000E+000
         423  0.000000000000000E+000
         424  0.000000000000000E+000
         425  0.000000000000000E+000
         426  0.000000000000000E+000
         427  0.000000000000000E+000
         428  0.000000000000000E+000
         429  0.000000000000000E+000
         430  0.000000000000000E+000
         431  0.000000000000000E+000
         432  0.000000000000000E+000
         433  0.000000000000000E+000
         434  0.000000000000000E+000
         435  0.000000000000000E+000
         436  0.000000000000000E+000
         437  0.000000000000000E+000
         438  0.000000000000000E+000
         439  0.000000000000000E+000
         440  0.000000000000000E+000
         441  0.000000000000000E+000
         442  0.000000000000000E+000
         443  0.000000000000000E+000
         444  0.000000000000000E+000
         445  0.000000000000000E+000
         446  0.000000000000000E+000
         447  0.000000000000000E+000
         448  0.000000000000000E+000
         449  0.000000000000000E+000
         450  0.000000000000000E+000
         451  0.000000000000000E+000
         452  0.000000000000000E+000
         453  0.000000000000000E+000
         454  0.000000000000000E+000
         455  0.000000000000000E+000
         456  0.000000000000000E+000
         457  0.000000000000000E+000
         458  0.000000000000000E+000
         459  0.000000000000000E+000
         460  0.000000000000000E+000
         461  0.000000000000000E+000
         462  0.000000000000000E+000
         463  0.000000000000000E+000
         464  0.000000000000000E+000
         465  0.000000000000000E+000
         466  0.000000000000000E+000
         467  0.000000000000000E+000
         468  0.000000000000000E+000
         469  0.000000000000000E+000
         470  0.000000000000000E+000
         471  0.000000000000000E+000
         472  0.000000000000000E+000
         473  0.000000000000000E+000
         474  0.000000000000000E+000
         475  0.000000000000000E+000
         476  0.000000000000000E+000
         477  0.000000000000000E+000
         478  0.000000000000000E+000
         479  0.000000000000000E+000
         480  0.000000000000000E+000
         481  0.000000000000000E+000
         482  0.000000000000000E+000
         483  0.000000000000000E+000
         484  0.000000000000000E+000
         485  0.000000000000000E+000
         486  0.000000000000000E+000
         487  0.000000000000000E+000
         488  0.000000000000000E+000
         489  0.000000000000000E+000
         490  0.000000000000000E+000
         491  0.000000000000000E+000
         492  0.000000000000000E+000
         493  0.000000000000000E+000
         494  0.000000000000000E+000
         495  0.000000000000000E+000
         496  0.000000000000000E+000
         497  0.000000000000000E+000
         498  0.000000000000000E+000
         499  0.000000000000000E+000
         500  0.000000000000000E+000
         501  0.000000000000000E+000
         502  0.000000000000000E+000
         503  0.000000000000000E+000
         504  0.000000000000000E+000
         505  0.000000000000000E+000
         506  0.000000000000000E+000
         507  0.000000000000000E+000
         508  0.000000000000000E+000
         509  0.000000000000000E+000
         510  0.000000000000000E+000
         511  0.000000000000000E+000
         512  0.000000000000000E+000
         513  0.000000000000000E+000
         514  0.000000000000000E+000
         515  0.000000000000000E+000
         516  0.000000000000000E+000
         517  0.000000000000000E+000
         518  0.000000000000000E+000
         519  0.000000000000000E+000
         520  0.000000000000000E+000
         521  0.000000000000000E+000
         522  0.000000000000000E+000
         523  0.000000000000000E+000
         524  0.000000000000000E+000
         525  0.000000000000000E+000
         526  0.000000000000000E+000
         527  0.000000000000000E+000
         528  0.000000000000000E+000
         529  0.000000000000000E+000
         530  0.000000000000000E+000
         531  0.000000000000000E+000
         532  0.000000000000000E+000
         533  0.000000000000000E+000
         534  0.000000000000000E+000
         535  0.000000000000000E+000
         536  0.000000000000000E+000
         537  0.000000000000000E+000
         538  0.000000000000000E+000
         539  0.000000000000000E+000
         540  0.000000000000000E+000
         541  0.000000000000000E+000
         542  0.000000000000000E+000
         543  0.000000000000000E+000
         544  0.000000000000000E+000
         545  0.000000000000000E+000
         546  0.000000000000000E+000
         547  0.000000000000000E+000
         548  0.000000000000000E+000
         549  0.000000000000000E+000
         550  0.000000000000000E+000
         551  0.000000000000000E+000
         552  0.000000000000000E+000
         553  0.000000000000000E+000
         554  0.000000000000000E+000
         555  0.000000000000000E+000
         556  0.000000000000000E+000
         557  0.000000000000000E+000
         558  0.000000000000000E+000
         559  0.000000000000000E+000
         560  0.000000000000000E+000
         561  0.000000000000000E+000
         562  0.000000000000000E+000
         563  0.000000000000000E+000
         564  0.000000000000000E+000
         565  0.000000000000000E+000
         566  0.000000000000000E+000
         567  0.000000000000000E+000
         568  0.000000000000000E+000
         569  0.000000000000000E+000
         570  0.000000000000000E+000
         571  0.000000000000000E+000
         572  0.000000000000000E+000
         573  0.000000000000000E+000
         574  0.000000000000000E+000
         575  0.000000000000000E+000
         576  0.000000000000000E+000
         577  0.000000000000000E+000
         578  0.000000000000000E+000
         579  0.000000000000000E+000
         580  0.000000000000000E+000
         581  0.000000000000000E+000
         582  0.000000000000000E+000
         583  0.000000000000000E+000
         584  0.000000000000000E+000
         585  0.000000000000000E+000
         586  0.000000000000000E+000
         587  0.000000000000000E+000
         588  0.000000000000000E+000
         589  0.000000000000000E+000
         590  0.000000000000000E+000
         591  0.000000000000000E+000
         592  0.000000000000000E+000
         593  0.000000000000000E+000
         594  0.000000000000000E+000
         595  0.000000000000000E+000
         596  0.000000000000000E+000
         597  0.000000000000000E+000
         598  0.000000000000000E+000
         599  0.000000000000000E+000
         600  0.000000000000000E+000
         601  0.000000000000000E+000
         602  0.000000000000000E+000
         603  0.000000000000000E+000
         604  0.000000000000000E+000
         605  0.000000000000000E+000
         606  0.000000000000000E+000
         607  0.000000000000000E+000
         608  0.000000000000000E+000
         609  0.000000000000000E+000
         610  0.000000000000000E+000
         611  0.000000000000000E+000
         612  0.000000000000000E+000
         613  0.000000000000000E+000
         614  0.000000000000000E+000
         615  0.000000000000000E+000
         616  0.000000000000000E+000
         617  0.000000000000000E+000
         618  0.000000000000000E+000
         619  0.000000000000000E+000
         620  0.000000000000000E+000
         621  0.000000000000000E+000
         622  0.000000000000000E+000
         623  0.000000000000000E+000
         624  0.000000000000000E+000
         625  0.000000000000000E+000
         626  0.000000000000000E+000
         627  0.000000000000000E+000
         628  0.000000000000000E+000
         629  0.000000000000000E+000
         630  0.000000000000000E+000
         631  0.000000000000000E+000
         632  0.000000000000000E+000
         633  0.000000000000000E+000
         634  0.000000000000000E+000
         635  0.000000000000000E+000
         636  0.000000000000000E+000
         637  0.000000000000000E+000
         638  0.000000000000000E+000
         639  0.000000000000000E+000
         640  0.000000000000000E+000
         641  0.000000000000000E+000
         642  0.000000000000000E+000
         643  0.000000000000000E+000
         644  0.000000000000000E+000
         645  0.000000000000000E+000
         646  0.000000000000000E+000
         647  0.000000000000000E+000
         648  0.000000000000000E+000
         649  0.000000000000000E+000
         650  0.000000000000000E+000
         651  0.000000000000000E+000
         652  0.000000000000000E+000
         653  0.000000000000000E+000
         654  0.000000000000000E+000
         655  0.000000000000000E+000
         656  0.000000000000000E+000
         657  0.000000000000000E+000
         658  0.000000000000000E+000
         659  0.000000000000000E+000
         660  0.000000000000000E+000
         661  0.000000000000000E+000
         662  0.000000000000000E+000
         663  0.000000000000000E+000
         664  0.000000000000000E+000
         665  0.000000000000000E+000
         666  0.000000000000000E+000
         667  0.000000000000000E+000
         668  0.000000000000000E+000
         669  0.000000000000000E+000
         670  0.000000000000000E+000
         671  0.000000000000000E+000
         672  0.000000000000000E+000
         673  0.000000000000000E+000
         674  0.000000000000000E+000
         675  0.000000000000000E+000
         676  0.000000000000000E+000
         677  0.000000000000000E+000
         678  0.000000000000000E+000
         679  0.000000000000000E+000
         680  0.000000000000000E+000
         681  0.000000000000000E+000
         682  0.000000000000000E+000
         683  0.000000000000000E+000
         684  0.000000000000000E+000
         685  0.000000000000000E+000
         686  0.000000000000000E+000
         687  0.000000000000000E+000
         688  0.000000000000000E+000
         689  0.000000000000000E+000
         690  0.000000000000000E+000
         691  0.000000000000000E+000
         692  0.000000000000000E+000
         693  0.000000000000000E+000
         694  0.000000000000000E+000
         695  0.000000000000000E+000
         696  0.000000000000000E+000
         697  0.000000000000000E+000
         698  0.000000000000000E+000
         699  0.000000000000000E+000
         700  0.000000000000000E+000
         701  0.000000000000000E+000
         702  0.000000000000000E+000
         703  0.000000000000000E+000
         704  0.000000000000000E+000
         705  0.000000000000000E+000
         706  0.000000000000000E+000
         707  0.000000000000000E+000
         708  0.000000000000000E+000
         709  0.000000000000000E+000
         710  0.000000000000000E+000
         711  0.000000000000000E+000
         712  0.000000000000000E+000
         713  0.000000000000000E+000
         714  0.000000000000000E+000
         715  0.000000000000000E+000
         716  0.000000000000000E+000
         717  0.000000000000000E+000
         718  0.000000000000000E+000
         719  0.000000000000000E+000
         720  0.000000000000000E+000
         721  0.000000000000000E+000
         722  0.000000000000000E+000
         723  0.000000000000000E+000
         724  0.000000000000000E+000
         725  0.000000000000000E+000
         726  0.000000000000000E+000
         727  0.000000000000000E+000
         728  0.000000000000000E+000
         729  0.000000000000000E+000
         730  0.000000000000000E+000
         731  0.000000000000000E+000
         732  0.000000000000000E+000
         733  0.000000000000000E+000
         734  0.000000000000000E+000
         735  0.000000000000000E+000
         736  0.000000000000000E+000
         737  0.000000000000000E+000
         738  0.000000000000000E+000
         739  0.000000000000000E+000
         740  0.000000000000000E+000
         741  0.000000000000000E+000
         742  0.000000000000000E+000
         743  0.000000000000000E+000
         744  0.000000000000000E+000
         745  0.000000000000000E+000
         746  0.000000000000000E+000
         747  0.000000000000000E+000
         748  0.000000000000000E+000
         749  0.000000000000000E+000
         750  0.000000000000000E+000
         751  0.000000000000000E+000
         752  0.000000000000000E+000
         753  0.000000000000000E+000
         754  0.000000000000000E+000
         755  0.000000000000000E+000
         756  0.000000000000000E+000
         757  0.000000000000000E+000
         758  0.000000000000000E+000
         759  0.000000000000000E+000
         760  0.000000000000000E+000
         761  0.000000000000000E+000
         762  0.000000000000000E+000
         763  0.000000000000000E+000
         764  0.000000000000000E+000
         765  0.000000000000000E+000
         766  0.000000000000000E+000
         767  0.000000000000000E+000
         768  0.000000000000000E+000
         769  0.000000000000000E+000
         770  0.000000000000000E+000
         771  0.000000000000000E+000
         772  0.000000000000000E+000
         773  0.000000000000000E+000
         774  0.000000000000000E+000
         775  0.000000000000000E+000
         776  0.000000000000000E+000
         777  0.000000000000000E+000
         778  0.000000000000000E+000
         779  0.000000000000000E+000
         780  0.000000000000000E+000
         781  0.000000000000000E+000
         782  0.000000000000000E+000
         783  0.000000000000000E+000
         784  0.000000000000000E+000
         785  0.000000000000000E+000
         786  0.000000000000000E+000
         787  0.000000000000000E+000
         788  0.000000000000000E+000
         789  0.000000000000000E+000
         790  0.000000000000000E+000
         791  0.000000000000000E+000
         792  0.000000000000000E+000
         793  0.000000000000000E+000
         794  0.000000000000000E+000
         795  0.000000000000000E+000
         796  0.000000000000000E+000
         797  0.000000000000000E+000
         798  0.000000000000000E+000
         799  0.000000000000000E+000
         800  0.000000000000000E+000
         801  0.000000000000000E+000
         802  0.000000000000000E+000
         803  0.000000000000000E+000
         804  0.000000000000000E+000
         805  0.000000000000000E+000
         806   39729.3798695528     
