trait/effect level  solution          s.e.
   1   1         1         48.36814772          1.18483930
   1   1         2         55.80799938          2.32266170
   1   1         3         54.22805860          0.99641292
   1   2         1         30.08126488          8.76745328
   1   2         2         32.47714336         11.19770064
   1   2         3         40.55850987         11.19770064
   1   2         4         18.91041193          8.19894389
   1   2         5         28.51754039          8.91566562
   1   2         6         30.05775805          8.48754306
   1   2         7         26.38406338          8.79078724
   1   2         8         29.17081129          7.15212317
   1   2         9         26.79957888          8.50013029
   1   2        10         32.40961982          8.43592122
   1   2        11         24.88956685          8.54113063
   1   2        12          9.85744835          7.76365955
   1   2        13         29.98098873          8.61528619
   1   2        14         14.47475689          7.61993314
   1   2        15         43.83556030         11.19770064
   1   2        16         45.50586513         11.19770064
   1   2        17         46.29786483         11.19770064
   1   2        18         44.03214910         11.19770064
   1   2        19         32.37507274         11.19770064
   1   2        20         40.94625569         11.19770064
   1   2        21         44.65878246         11.19770064
   1   2        22         26.80052860          7.47645138
   1   2        23         19.57141055          8.68914293
   1   2        24          1.96494411          8.98288394
   1   2        25          9.70593221          8.84228505
   1   2        26          1.47497508          8.77101737
   1   2        27         -2.24835307          8.78331069
   1   2        28         -2.50333465          8.55830633
   1   2        29          1.09383541          8.55665800
   1   2        30          4.99016480          8.56811689
   1   2        31          3.65449676          8.59916234
   1   2        32          0.80518155          8.79280515
   1   2        33          3.04300089          8.68776086
   1   2        34        -10.69328438          9.00524262
   1   2        35         -4.27769538          8.72667397
   1   2        36          1.33860362          8.73696724
   1   2        37        -13.72840737          8.71695178
   1   2        38         -8.37997368          8.69197899
   1   2        39         -2.02489571          8.89649835
   1   2        40        -11.02788864          8.93565722
   1   2        41         -2.50635278          8.73991614
   1   2        42          4.36500793          8.67869661
   1   2        43          0.88558791          8.66280435
   1   2        44          1.32869264          8.44829591
   1   2        45          5.46334397          8.46828577
   1   2        46         -0.18909751          8.59528708
   1   2        47          0.99773410          8.46931215
   1   2        48          2.79647255          8.72401384
   1   2        49         -5.73446663          8.81435417
   1   2        50          5.11062962          8.64351672
   1   2        51          3.72155159          8.82732942
   1   2        52         -7.78055366          8.62108667
   1   2        53         -0.68572551          8.78424124
   1   2        54        -13.72160587          8.89047345
   1   2        55         -4.60306864          8.68019347
   1   2        56          0.25888596          8.69752243
   1   2        57         -4.34415342          7.57067494
   1   2        58         -6.93883282          7.49665866
   1   2        59        -15.93261490          8.44843901
   1   2        60         -6.84635519          8.53838678
   1   2        61        -14.75984642          8.67078017
   1   2        62        -11.65306569          8.63074027
   1   2        63        -17.09814461          8.38446939
   1   2        64        -16.84088019          8.56572148
   1   2        65        -19.88818412          8.57001580
   1   2        66        -20.08206302          8.63358692
   1   2        67        -13.29583913          8.41957458
   1   2        68         -3.62210057          8.55650444
   1   2        69        -11.43667391          8.51790579
   1   2        70        -15.36692467          8.65465479
   1   2        71        -19.52040165          8.57901817
   1   2        72        -13.69668527          8.57939791
   1   2        73        -17.51520417          8.52259821
   1   2        74        -10.12403193          8.62072459
   1   2        75        -17.60446021          8.43109912
   1   2        76         -7.20121435          8.50409368
   1   2        77          3.61802496          8.64759454
   1   2        78        -10.13186773          8.58393150
   1   2        79        -11.45238950          8.54948631
   1   2        80        -12.58447502          8.60598032
   1   2        81          7.10186972          9.09152942
   1   2        82         -1.98916743          8.75710699
   1   2        83         -3.22793999          8.78537222
   1   2        84         -0.16288832          8.68430908
   1   2        85          1.25774805          8.58587468
   1   2        86          2.75873849          8.56011489
   1   2        87          1.37040727          8.67532132
   1   2        88        -11.15015102          8.68407244
   1   2        89         -6.86257168          8.33947295
   1   2        90          1.02938519          8.88882600
   1   2        91        -13.18357270          8.90018492
   1   2        92         -1.02526483          8.55314357
   1   2        93         -8.94782614          8.42291171
   1   2        94         -2.05121877          8.64168620
   1   2        95         -1.76767687          8.54945565
   1   2        96        -11.38121225          8.90173955
   1   2        97        -12.21177058          8.69842350
   1   2        98         -6.91878393          8.84511339
   1   2        99          4.45691228          8.64903150
   1   2       100        -11.43878109          8.78721244
   1   2       101         -6.51060982          8.79141817
   1   2       102         -7.78320765          8.83488459
   1   2       103         -4.22213200          8.71671875
   1   2       104        -17.76578221          8.67623468
   1   2       105        -12.91503994          8.60882435
   1   2       106         -5.96073902          8.84828031
   1   2       107        -19.43261857          8.69708095
   1   2       108          2.56336652          8.76825072
   1   2       109         -5.85508845          8.72881475
   1   2       110         -7.04020608          8.61669178
   1   2       111        -11.27355127          8.91415553
   1   2       112        -10.13993895          8.76123031
   1   2       113         -4.38902117          8.86568048
   1   2       114         -6.08023945          8.81063778
   1   2       115          5.27998512          8.70379303
   1   2       116         -3.94385707          8.85237621
   1   2       117         -0.44939088          8.80357633
   1   2       118          0.19079418          8.71086855
   1   2       119         -5.82085152          8.77379043
   1   2       120         -4.32222441          8.84990410
   1   2       121         -0.21166027          8.75003941
   1   2       122         -0.32367654          8.97532797
   1   2       123         -0.22039950          8.77790287
   1   2       124         -4.06079961          8.75722625
   1   2       125         -3.23737922          8.60697922
   1   2       126        -15.74083178          8.76414546
   1   2       127         -4.34154101          8.83836851
   1   2       128        -21.29642429          8.45866973
   1   2       129          5.14755271          8.61033161
   1   2       130         -7.62736462          8.55932108
   1   2       131         -2.63608906          8.79242125
   1   2       132         -7.52715130          8.86861444
   1   2       133         -4.87223933          8.65840485
   1   2       134          7.87062760          8.72743141
   1   2       135          4.96053713          8.83309208
   1   2       136          4.07035218          8.56571701
   1   2       137         -3.79144281          8.60859268
   1   2       138         -4.94096249          8.35027159
   1   2       139        -15.69331609          8.29670656
   1   2       140        -18.53097631          8.43139029
   1   2       141        -16.76271643          8.37511274
   1   2       142          0.87765784          8.51728452
   1   2       143         -9.75042122          8.36901715
   1   2       144        -11.07656076          8.47063133
   1   2       145        -13.35975750          8.60470210
   1   2       146        -12.06774262          8.49515074
   1   2       147        -11.38584443          8.50107142
   1   2       148         -5.33096716          8.67052182
   1   2       149          4.02740104          8.91071755
   1   2       150         -1.25998879          8.86549715
   1   2       151          4.29781648          8.39508989
   1   2       152          9.41915239          8.48684092
   1   2       153          8.61920971          8.68435507
   1   2       154          6.85200544          8.46779714
   1   2       155         -4.27410404          8.54005260
   1   2       156          8.00652641          8.41585909
   1   2       157         -0.99952796          8.57141847
   1   2       158          5.80123485          8.54650996
   1   2       159          5.99329873          8.49994308
   1   2       160          5.49676543          8.51404866
   1   2       161         -0.76633896          8.37969925
   1   2       162         10.09467776          8.46108787
   1   2       163         10.23857217          8.42689588
   1   2       164          4.21378216          8.36479799
   1   2       165          5.16481727          8.39020971
   1   2       166          6.99717166          8.52378048
   1   2       167          2.81923871          8.36452371
   1   2       168          2.10518774          8.30974886
   1   2       169         -0.94111073          8.46765441
   1   2       170          5.79595277          8.58869387
   1   2       171          3.48654220          8.57057503
   1   2       172          3.94768543          8.62344322
   1   2       173          6.47264200          8.57114890
   1   2       174          3.47373057          8.60298752
   1   2       175        -15.91985939          8.95496854
   1   2       176         -9.84842281          8.64236487
   1   2       177         -6.97732275          8.52500118
   1   2       178        -13.74086954          8.49415564
   1   2       179         -1.65677228          8.71635876
   1   2       180        -17.25562772          8.61162605
   1   2       181          1.19963613          8.65745653
   1   2       182        -17.05906609          8.58405586
   1   2       183         -4.52984967          8.53641915
   1   2       184         -9.30363068          8.60210350
   1   2       185         -7.34270916         11.24103037
   1   2       186        -12.25134434          8.60998597
   1   2       187         -6.37967768          8.45526644
   1   2       188        -12.26036626          8.71666090
   1   2       189        -15.10914552          8.46958073
   1   2       190          0.16926433          8.32137379
   1   2       191         -3.32496948          8.50221280
   1   2       192         -8.03376341          8.29249898
   1   2       193         -5.99173980          8.59532505
   1   2       194         -6.41360488          8.43331628
   1   2       195         -1.38587041          8.64130290
   1   2       196         -9.84932782          8.40363761
   1   2       197          3.85986634          8.21730973
   1   2       198         -4.48396909          8.39949624
   1   2       199         -9.85349594          8.52686474
   1   2       200         -0.20061951          8.66354217
   1   2       201          0.55818928          8.60039486
   1   2       202         -6.80995606          8.62494919
   1   2       203         -3.32562156          8.72440675
   1   2       204         -0.63628706          8.77584576
   1   2       205        -15.08827272          8.70711177
   1   2       206          2.74042581          8.75577897
   1   2       207         -6.45206256          8.84159622
   1   2       208         -2.61928638          7.26764001
   1   2       209         -1.85021929          7.27348562
   1   2       210          4.25783363          8.45628272
   1   2       211         -6.59130481          8.56932516
   1   2       212         -0.43762476          8.52960719
   1   2       213         -1.53782863          8.29378444
   1   2       214          3.47126712          8.42242713
   1   2       215          3.89965407          8.43130168
   1   2       216          0.11843594          8.44307801
   1   2       217         -2.18846560          8.64226866
   1   2       218          7.77876459          8.56588432
   1   2       219          6.51573458          8.53073494
   1   2       220         10.49450306          8.40530675
   1   2       221          7.77208965          8.53531131
   1   2       222          2.70287305          8.55341852
   1   2       223          5.85644581          8.52184098
   1   2       224          4.78192616          8.53261605
   1   2       225         -1.54463583          8.68811805
   1   2       226          0.28354955          8.70415698
   1   2       227          0.94414824          8.68084980
   1   2       228          1.98083875          8.50402937
   1   2       229          0.53512560          8.60122087
   1   2       230          4.96177778          8.62631273
   1   2       231        -12.39631547          8.61380500
   1   2       232        -10.76403536          8.82990671
   1   2       233        -12.54250933          8.95767315
   1   2       234         -1.11894858          8.67034694
   1   2       235         -5.40407485          8.63903133
   1   2       236         -5.69134648          8.48391689
   1   2       237         -9.42613003          8.62981846
   1   2       238         -9.48126656          8.22218656
   1   2       239        -10.62370580          8.42940129
   1   2       240         -9.43449174          8.60135660
   1   2       241         -1.94882387          8.45845277
   1   2       242        -10.80442681          8.59400529
   1   2       243         -9.45594798          8.49406660
   1   2       244        -12.88384997          8.33246155
   1   2       245        -13.70976663          8.62188138
   1   2       246        -15.55546652          8.73503905
   1   2       247          5.85582802          8.64219793
   1   2       248         -3.62703963          8.41356551
   1   2       249          4.46342059          8.52435573
   1   2       250          5.58940930          8.54597434
   1   2       251         10.72938059          8.44789428
   1   2       252          8.27191130          8.60686513
   1   2       253         -8.18393038          8.62100917
   1   2       254         -8.58980073          8.63749810
   1   2       255        -11.16558148          8.63019121
   1   2       256          5.65010612          8.78915415
   1   2       257         -1.10417277          8.63586604
   1   2       258          0.78341783          8.65309248
   1   2       259         -8.60226920          8.79144830
   1   2       260        -13.51216317          8.74124742
   1   2       261        -18.53494997          8.80920358
   1   2       262          7.39168762         11.36330768
   1   2       263          1.44970889         11.36330768
   1   2       264          4.62042835         11.36330768
   1   2       265          3.82982866         11.36330768
   1   2       266         -8.79478843         11.36330768
   1   2       267          6.84242628         11.36330768
   1   2       268         -2.77791389         11.36330768
   1   2       269          2.30688686         11.36330768
   1   2       270          4.59546308         11.36330768
   1   2       271         -0.75564447         11.36330768
   1   2       272          3.29721506         11.36330768
   1   2       273          3.61345558         11.36330768
   1   2       274         -3.25227307         11.36330768
   1   2       275          2.29024229         11.36330768
   1   2       276          0.95870513         11.36330768
   1   2       277          1.86581365         11.36330768
   1   2       278          7.46658343         11.36330768
   1   2       279         -8.12902144         11.36330768
   1   2       280         11.08781545          8.51201258
   1   2       281         -3.50193847         11.36330768
   1   2       282        -18.66479400         11.36330768
   1   2       283          1.94071264         11.36330768
   1   2       284         -1.59617788         11.36330768
   1   2       285        -13.31368645         11.36330768
   1   2       286         -0.10652205         11.36330768
   1   2       287          7.18363523         11.36330768
   1   2       288          4.54552936         11.36330768
   1   2       289          2.49530376          9.01039254
   1   2       290          0.94206056         11.36330768
   1   2       291          2.14876502         11.36330768
   1   2       292         -5.54917316         11.36330768
   1   2       293          1.79923854         11.36330768
   1   2       294          5.36109432         11.36330768
   1   2       295        -13.76308036         11.36330768
   1   2       296         -2.89442272         11.36330768
   1   2       297        -11.24148649         11.36330768
   1   2       298          6.37639097         11.36330768
   1   2       299          0.37615783         11.36330768
   1   2       300          8.15731886         11.36330768
   1   2       301         -6.12339659         11.36330768
   1   2       302          7.45825955         11.36330768
   1   2       303          4.93666886         11.36330768
   1   2       304         -4.54220038         11.36330768
   1   2       305          1.14814856          9.24060063
   1   2       306          0.46906174          8.31572412
   1   2       307         -2.92277842          8.80812914
   1   2       308         -0.25020998          8.86867189
   1   2       309          0.26687348          9.11227789
   1   2       310         -1.00085513          8.99513367
   1   2       311          9.03660781          9.16813479
   1   2       312          6.12071018          8.66114839
   1   2       313          5.87364309          8.92995006
   1   2       314          8.47712891          8.55114217
   1   2       315          4.37110868          8.77899677
   1   2       316         -9.09466501          8.88918168
   1   2       317          4.86287713          8.55234554
   1   2       318         -4.89070858          8.95844186
   1   2       319         -2.76009595          8.74872218
   1   2       320          3.58339329          8.76980006
   1   2       321          0.95660580          8.94748114
   1   2       322         -5.67036760          8.66033086
   1   2       323         -2.83918935          8.99858406
   1   2       324          2.12368901          8.83396630
   1   2       325         -5.08379458          8.80735755
   1   2       326          2.75037686          8.98765744
   1   2       327         10.66282497          8.87250554
   1   2       328          5.20313289          8.96647372
   1   2       329         10.45170770          8.63907781
   1   2       330        -14.81548579          9.00990755
   1   2       331         -5.92407103          8.79169939
   1   2       332          6.42061834          8.78853104
   1   2       333        -11.01347544          8.62531779
   1   2       334        -11.90376203          8.75759360
   1   2       335         -4.25371448          8.70085139
   1   2       336          2.35632409          8.77501723
   1   2       337         -0.85402682          8.61077597
   1   2       338         12.25759771          8.50518734
   1   2       339         -5.53219622          8.70342351
   1   2       340          1.18941260          8.81527442
   1   2       341          8.76216016          8.79423849
   1   2       342          9.54932639          8.82950558
   1   2       343          0.02304819          8.72648293
   1   2       344         -6.76944317          9.15763913
   1   2       345          1.59481218          8.63490127
   1   2       346         -6.24952364          8.92540851
   1   2       347          4.82836777          9.03830852
   1   2       348        -10.35903136          8.39409477
   1   2       349         -7.83698618          8.55269635
   1   2       350         -3.84223446          8.64409888
   1   2       351         -8.08384173          8.62558209
   1   2       352          2.40037443          8.68428026
   1   2       353         -1.67021210          8.62798559
   1   2       354          0.56026936          8.58431734
   1   2       355         -1.04462669          8.54145006
   1   2       356         -2.00861335          8.75678973
   1   2       357         -2.63840133          8.59982556
   1   2       358          0.63070992          8.92451630
   1   2       359         -4.89837824          8.97105967
   1   2       360          0.70767171          8.74899065
   1   2       361         -2.36275782          8.72658907
   1   2       362          3.72476659          8.89313504
   1   2       363         -4.94149185          8.72045990
   1   2       364         -0.77028155          8.55327630
   1   2       365         -2.33093012          8.60130521
   1   2       366        -10.48436869          8.89020144
   1   2       367         -3.24126217          9.03677914
   1   2       368         -4.76839164          8.78108920
   1   2       369        -14.89769423          8.44272633
   1   2       370        -12.14976462          7.43171017
   1   2       371        -10.65769730          8.57610502
   1   2       372         -8.76271902          8.49466492
   1   2       373         -4.75130231          8.43578140
   1   2       374         -6.21441070          7.49697295
   1   2       375        -14.19139688          8.74058864
   1   2       376        -16.56671549          7.38101834
   1   2       377         -8.07336601          8.59399095
   1   2       378         -8.72324995          8.83625789
   1   2       379         -3.83497528          8.71592579
   1   2       380         -1.53121372          8.73590385
   1   2       381        -11.33294549          8.71970621
   1   2       382        -11.38469950          8.71933720
   1   2       383          1.33113358          8.66825749
   1   2       384         -4.59059830          8.67225275
   1   2       385         -1.40402445          8.83218193
   1   2       386         -1.12908778          8.75556509
   1   2       387         -4.16212755          8.90329092
   1   2       388         -8.11346448          8.70303784
   1   2       389         -7.18133579          8.72600925
   1   2       390         -0.70707410          8.53884067
   1   2       391         -4.91847874          8.86881444
   1   2       392         -6.96232184          8.88749558
   1   2       393         -4.16561101          8.65332830
   1   2       394          2.87719089          8.72628043
   1   2       395        -10.63846847          8.67178810
   1   2       396         -4.49152716          8.62964212
   1   2       397          1.15966449          8.52972652
   1   2       398         -6.63534740          8.63138474
   1   2       399         -4.01415683          8.65618859
   1   2       400         -8.84888026          8.77604082
   1   2       401         -7.84196377          7.33054370
   1   2       402         -5.50403201          8.86293988
   1   2       403         -5.19080651          8.60490077
   1   2       404         -6.29626051          8.77178756
   1   2       405        -10.96850277          8.70699176
   1   2       406        -11.28758988          8.84915969
   1   2       407         -3.35946603          8.68854906
   1   2       408         -8.58200022          8.75002972
   1   2       409         -7.51121964          8.61400020
   1   2       410         -5.17332438          8.61101331
   1   2       411         -0.39853793          8.88474132
   1   2       412        -15.29935719          8.73468652
   1   2       413          5.84768236          8.71131654
   1   2       414        -14.44104025          8.84814755
   1   2       415         -3.04319440          8.72334764
   1   2       416         -8.86405431          8.90930877
   1   2       417         -3.26885140          8.95414050
   1   2       418          3.20691701          8.73828867
   1   2       419         -2.01289595          8.75142402
   1   2       420          1.95122146          8.68046417
   1   2       421          1.38090621          8.71932474
   1   2       422          0.60697906          8.92987552
   1   2       423        -14.25552465          8.73417791
   1   2       424         -6.59750586          8.63498730
   1   2       425         -2.12716060          8.71776699
   1   2       426         -5.34706996          8.64128881
   1   2       427          3.19547147          7.98087904
   1   2       428         -0.75232644          8.75110579
   1   2       429        -10.27824294          8.61607778
   1   2       430        -18.45321458          8.60319283
   1   2       431        -11.70320196          8.30296126
   1   2       432        -13.31799026          8.46550973
   1   2       433         -2.25303313          8.68593956
   1   2       434         -6.50575078          8.75531130
   1   2       435          2.08232819          8.56889668
   1   2       436        -13.12937940          8.22441249
   1   2       437        -16.81605107          8.59413869
   1   2       438        -19.96830067          8.55583701
   1   2       439         -7.98396240          8.62307479
   1   2       440         -9.62218995          8.70213239
   1   2       441         -9.06320343          8.65906896
   1   2       442        -14.73615606          8.61563696
   1   2       443         -5.53357349          8.48804307
   1   2       444         -6.02011373          8.73804561
   1   2       445         -3.05873088          8.69830252
   1   2       446          5.98303886          8.73858195
   1   2       447        -11.80219335          8.63566305
   1   2       448         -7.39252928          8.44394870
   1   2       449          4.68296678          8.93474382
   1   2       450          7.95751022          8.53812931
   1   2       451          7.27573216          8.73699677
   1   2       452          3.05574128          8.69585008
   1   2       453          0.82269492          8.74092357
   1   2       454          5.14088724          8.79661562
   1   2       455         15.15998714          7.43394627
   1   2       456         -1.98558630          8.53874797
   1   2       457         -1.76413361          8.62018512
   1   2       458        -13.59976167          8.96658887
   1   2       459          3.48661561          8.86953732
   1   2       460          1.52616675          8.71872006
   1   2       461          6.73783490          8.65366775
   1   2       462          0.15847884          8.55466645
   1   2       463          0.80698526          8.83166188
   1   2       464          3.36348183          8.44838833
   1   2       465         -6.70069424          8.55805896
   1   2       466         -0.05414531          8.78564095
   1   2       467          2.92228594          8.62426721
   1   2       468          1.56906179          8.53809592
   1   2       469         -2.30328650          8.55166333
   1   2       470        -18.72793051          8.71172761
   1   2       471         -5.97628983          8.56145249
   1   2       472         -7.42719720          8.51294564
   1   2       473        -10.46311742          8.70369493
   1   2       474          6.51172882          8.82092930
   1   2       475         -1.81587803          8.77491237
   1   2       476          2.99892473          8.84057221
   1   2       477         -5.24376902          8.90689284
   1   2       478          5.78444217          8.69469970
   1   2       479         -3.43978471          8.71585396
   1   2       480          1.67592405          8.74976043
   1   2       481          5.26373558          8.65633538
   1   2       482         -0.89482524          8.60072342
   1   2       483          5.10435430          8.84474450
   1   2       484          2.53543035          8.75260396
   1   2       485          1.33411214          7.64596474
   1   2       486        -11.33110599          8.68475694
   1   2       487         -4.68479227          8.70239263
   1   2       488        -15.47755281          8.55482770
   1   2       489        -15.67580471          8.35259704
   1   2       490        -14.86725503          8.53354319
   1   2       491        -14.20045228          8.62207517
   1   2       492        -12.16597699          8.61723522
   1   2       493        -11.64986058          8.74087049
   1   2       494        -10.31932999          8.62444089
   1   2       495          7.97087461          7.66714237
   1   2       496         -0.75774550          8.55063938
   1   2       497          2.28881937          8.46365590
   1   2       498          5.37523220          8.49270219
   1   2       499          6.25309998          8.58970442
   1   2       500          7.98758316          8.43242463
   1   2       501          1.25828762          8.53260275
   1   2       502         -1.56753508          8.56381705
   1   2       503          4.89107157          8.55924128
   1   2       504          7.58012654          8.88155342
   1   2       505          6.71722885          8.48218753
   1   2       506         -5.68132715          8.89187452
   1   2       507         -1.05839039          8.51092029
   1   2       508          5.68355577          8.71663240
   1   2       509          3.06937149          8.77841928
   1   2       510          2.25293842          8.59670559
   1   2       511          3.43320629          8.33166348
   1   2       512          0.49324465          8.42564992
   1   2       513          1.74811195          8.52399695
   1   2       514          1.14667346          8.77676704
   1   2       515          2.25355490          8.83352125
   1   2       516         -0.58874981          8.62750087
   1   2       517          4.85731280          8.54125314
   1   2       518          4.66300875          8.59243228
   1   2       519          3.27567506          8.78386015
   1   2       520         -2.20685530          8.71062350
   1   2       521          3.13165564          8.64348340
   1   2       522          1.30699292          8.69189930
   1   2       523         -6.32250248          8.78674139
   1   2       524         -8.90093878          8.96196142
   1   2       525         -6.90989097          8.70311294
   1   2       526         -6.84492919          8.73132228
   1   2       527         -6.15439878          8.85948014
   1   2       528          6.37368367          8.67878986
   1   2       529          1.81391087          8.85239726
   1   2       530         -5.12780520          8.56603578
   1   2       531          4.96807709          7.32049043
   1   2       532         -6.21648452          8.78195387
   1   2       533         -3.86421336          8.57379293
   1   2       534          1.22016362          8.67710240
   1   2       535          4.64325281          8.73393529
   1   2       536          0.67268981          8.63547392
   1   2       537          2.75191582          8.69750472
   1   2       538          0.43117841          8.66503383
   1   2       539         -3.64970390          8.61776820
   1   2       540          5.92088321          8.62342643
   1   2       541         -0.75623896          8.78085753
   1   2       542         -1.65929895          8.85239497
   1   2       543          0.13362078          8.84002036
   1   2       544          3.23648425          8.65467375
   1   2       545          2.39562427          8.64121325
   1   2       546          4.05143335          8.68742156
   1   2       547          4.57994208          8.66421820
   1   2       548          4.10311815          8.64076835
   1   2       549         -1.88818528          8.68971653
   1   2       550        -11.87417043          8.85964548
   1   2       551          0.78903677          8.91467350
   1   2       552          0.21776255          8.61348553
   1   2       553          2.49852888          8.68371867
   1   2       554          3.81201642          8.68402901
   1   2       555          4.40239217          8.68382409
   1   2       556          0.32673440          8.54876096
   1   2       557          3.80971520          8.59969016
   1   2       558          4.16248525          8.62061993
   1   2       559          2.31548038          8.10662879
   1   2       560          5.11009424          8.65519972
   1   2       561         -5.81300530          8.61130427
   1   2       562         -2.72235668          8.56464703
   1   2       563          1.07345790          8.58771915
   1   2       564         -1.29739617          8.77226116
   1   2       565          0.21415152          8.68842224
   1   2       566         -2.05508258          8.67751217
   1   2       567         -9.45527390          8.73588686
   1   2       568         -7.11251081          8.57029967
   1   2       569        -11.32645639          8.56410752
   1   2       570         -6.37485784          8.74328111
   1   2       571        -15.54279024          8.43592366
   1   2       572         -9.09242537          8.61475462
   1   2       573         -9.09990336          8.44416006
   1   2       574         -1.96948539          8.64401897
   1   2       575          0.38891436          8.77716636
   1   2       576         -4.36812800          8.84380169
   1   2       577          5.16723013          8.85364382
   1   2       578          6.55493503          8.77405836
   1   2       579        -18.93138035          8.46792198
   1   2       580        -10.68196098          8.52554206
   1   2       581         -4.38073767          8.42583445
   1   2       582        -20.01773039          8.39893998
   1   2       583        -15.85512435          8.58420962
   1   2       584          3.34411739          7.71257152
   1   2       585          8.27734542          8.51899526
   1   2       586          1.23001133          8.74476839
   1   2       587          6.59244010          8.46442523
   1   2       588          2.69660337          8.65702887
   1   2       589          3.65461088          8.64609325
   1   2       590          4.62053724          8.44567598
   1   2       591          9.18627388          8.53704318
   1   2       592        -14.93119604          8.60629003
   1   2       593        -17.67256444          8.43337260
   1   2       594        -10.48799266          8.53945273
   1   2       595        -16.05526675          8.30514559
   1   2       596         -9.57180408          8.63477430
   1   2       597         -1.48784197          8.38949422
   1   2       598        -10.36384312          8.57376470
   1   2       599         -1.70457804          8.56418880
   1   2       600          3.27941956          8.75288623
   1   2       601         -4.34651264          8.62524030
   1   2       602        -11.33476235          8.59809825
   1   2       603         -1.10916643          8.56943654
   1   2       604        -15.89918964          8.83632717
   1   2       605        -16.21725582          8.66005918
   1   2       606        -16.66904047          8.85319354
   1   2       607          3.96794268          8.97993759
   1   2       608         -7.64855797          8.99220567
   1   2       609          2.09977109          8.72040218
   1   2       610          4.65511025          8.89827573
   1   2       611          7.00882119         11.22836198
   1   2       612          9.15590112          8.78066293
   1   2       613          5.48033511          8.73061363
   1   2       614          4.60396777          8.85399647
   1   2       615          2.39060415          8.65896429
   1   2       616          1.39647318          8.82086977
   1   2       617          2.26635023          8.67180273
   1   2       618          0.74240623          8.78282268
   1   2       619         -6.27398380          8.66278735
   1   2       620          0.50821545          8.54322831
   1   2       621          1.30015167          8.50047241
   1   2       622          5.62511490          8.53696965
   1   2       623          0.74993517          8.57857898
   1   2       624          8.09867099          8.54072066
   1   2       625          2.20614030          8.57898044
   1   2       626          4.93884787          8.57504687
   1   2       627          8.32891361          8.55718532
   1   2       628          0.40160411          8.58306426
   1   2       629         -1.30762246          8.61857872
   1   2       630          2.24033891          8.65234751
   1   2       631          4.35385859          8.68821714
   1   2       632         -3.15369791          8.69525643
   1   2       633          2.70966069          8.87323596
   1   2       634        -10.82976541          8.61852788
   1   2       635         -0.30185355          8.60201520
   1   2       636         -6.34447712          8.66150045
   1   2       637         -5.04720464          8.68601653
   1   2       638          0.96226259          7.99959551
   1   2       639         -4.01413518          8.55583304
   1   2       640         -4.22847853          8.68407012
   1   2       641         -2.83129000          8.72065007
   1   2       642         -0.92266657          8.71370939
   1   2       643          1.49018444          8.50468120
   1   2       644         18.08303728          8.51771560
   1   2       645         19.57423164          8.49881273
   1   2       646         16.38130019          7.14759707
   1   2       647         33.87074523          8.68269744
   1   2       648         18.83245967          8.85314047
   1   2       649         20.89445552          8.55682612
   1   2       650         32.57305963          8.73490288
   1   2       651         28.15945043          8.30651703
   1   2       652         22.85460018          8.63718772
   1   2       653         15.53218408          8.75312208
   1   2       654         26.73493919          8.95798440
   1   2       655          9.39547477          7.27411020
   1   2       656         25.85624876          8.57672956
   1   2       657         25.59287389          8.26572640
   1   2       658         19.99419119          8.87058126
   1   2       659         28.73850193          8.88475235
   1   2       660         14.00463695          8.77166234
   1   2       661         25.09289073          8.32125314
   1   2       662         16.75400783          7.10115627
   1   2       663         28.45141197          8.54633842
   1   2       664         29.09181445          8.85458159
   1   2       665         28.67244128         11.19770064
   1   2       666         30.12299477          8.89952798
   1   2       667         33.01518600          8.80995714
   1   2       668         32.17017719          8.50288355
   1   2       669         23.68462007          9.16315398
   1   2       670         32.82312061         11.19770064
   1   2       671         24.87140020          8.64439447
   1   2       672         20.07522852          8.79013281
   1   2       673         27.48248299          8.84935277
   1   2       674         17.77306380          8.66732385
   1   2       675         28.63969867          8.97622741
   1   2       676         25.43873961          8.78383709
   1   2       677         20.45046017          8.66490781
   1   2       678         19.97605776          8.67385341
   1   2       679         19.53410758          8.71323157
   1   2       680         18.38793294          8.72711208
   1   2       681         17.28410446          8.47326784
   1   2       682         31.61708942          8.51852248
   1   2       683         32.79851639          8.92073034
   1   2       684         28.35964026          8.57588789
   1   2       685         30.00790688          8.53495910
   1   2       686         29.77885030          8.81770759
   1   2       687         21.85651482          8.57110715
   1   2       688         20.21545454          8.87415098
   1   2       689         35.78299143          8.57022987
   1   2       690         22.18418801          8.79504693
   1   2       691         30.50110560          8.51084958
   1   2       692         20.37105898          8.97537557
   1   2       693         31.27120038          7.75983278
   1   2       694         32.74493917          7.92918449
   1   2       695         40.05167407          8.60761917
   1   2       696         27.58055929          8.60631387
   1   2       697         28.05968045          8.77430509
   1   2       698         36.15285959          8.58559046
   1   2       699         25.88384333          8.74577459
   1   2       700         23.29830781          9.10668950
   1   2       701         29.52226802          8.64633266
   1   2       702         24.60818746          8.75876391
   1   2       703         14.00386609          8.73499815
   1   2       704         27.81087832          9.01183979
   1   2       705         32.73862894          7.40705050
   1   2       706         13.39616696          8.64104175
   1   2       707         29.27022834          8.91856796
   1   2       708         28.63087900          8.94875207
   1   2       709         29.48411011          8.50307435
   1   2       710         34.49887453          9.12261957
   1   2       711         33.05901679          8.70837231
   1   2       712         20.81341322          8.44331209
   1   2       713         38.28540642          8.83497724
   1   2       714         20.76236664          8.72898704
   1   2       715         32.36897500          7.43682846
   1   2       716         33.91279643          8.77531884
   1   2       717         30.72199483          8.83593861
   1   2       718         29.85702030          7.16589124
   1   2       719         31.14301118          8.71426017
   1   2       720         33.00492439          8.63458714
   1   2       721         25.39475083          8.54421536
   1   2       722         23.98940061          8.91717163
   1   2       723         29.23391122          8.27383961
   1   2       724         14.34718438          8.77650343
   1   2       725         17.59341159          8.95119008
   1   2       726         28.33707214          8.78110396
   1   2       727         10.87065035          8.18189617
   1   2       728         45.88475056         11.19770064
   1   2       729          0.00000000         27.33664489
   1   2       730          0.00000000         27.33664489
   1   2       731          0.00000000         27.33664489
   1   2       732          0.00000000         27.33664489
   1   2       733          0.00000000         27.33664489
   1   2       734          0.00000000         27.33664489
   1   2       735          0.00000000         27.33664489
   1   2       736          0.00000000         27.33664489
   1   2       737          0.00000000         27.33664489
   1   2       738          0.00000000         27.33664489
   1   2       739          0.00000000         27.33664489
   1   2       740          0.00000000         27.33664489
   1   2       741          0.00000000         27.33664489
   1   2       742          0.00000000         27.33664489
   1   2       743          0.00000000         27.33664489
   1   2       744          0.00000000         27.33664489
   1   2       745          0.00000000         27.33664489
   1   2       746          0.00000000         27.33664489
   1   2       747          0.00000000         27.33664489
   1   2       748          0.00000000         27.33664489
   1   2       749          0.00000000         27.33664489
   1   2       750          0.00000000         27.33664489
   1   2       751          0.00000000         27.33664489
   1   2       752          0.00000000         27.33664489
   1   2       753          0.00000000         27.33664489
   1   2       754          0.00000000         27.33664489
   1   2       755          0.00000000         27.33664489
   1   2       756          0.00000000         27.33664489
   1   2       757          0.00000000         27.33664489
   1   2       758          0.00000000         27.33664489
   1   2       759          0.00000000         27.33664489
   1   2       760          0.00000000         27.33664489
   1   2       761          0.00000000         27.33664489
   1   2       762          0.00000000         27.33664489
   1   2       763          0.00000000         27.33664489
   1   2       764          0.00000000         27.33664489
   1   2       765          0.00000000         27.33664489
   1   2       766          0.00000000         27.33664489
   1   2       767          0.00000000         27.33664489
   1   2       768          0.00000000         27.33664489
   1   2       769          0.00000000         27.33664489
   1   2       770          0.00000000         27.33664489
   1   2       771          0.00000000         27.33664489
   1   2       772          0.00000000         27.33664489
   1   2       773          0.00000000         27.33664489
   1   2       774          0.00000000         27.33664489
   1   2       775          0.00000000         27.33664489
   1   2       776          0.00000000         27.33664489
   1   2       777          0.00000000         27.33664489
   1   2       778        -15.79663906         12.19060533
   1   2       779        -16.24452986         11.88607878
   1   2       780        -11.55525347         13.53076510
   1   2       781          1.32404386         11.59083526
   1   2       782         -3.38453257         12.88219092
   1   2       783         10.47005023         11.69410351
   1   2       784        -13.20634340         12.83197423
   1   2       785        -11.23191099         11.89820940
   1   2       786          6.59131815         13.58374216
   1   2       787        -14.46739864         12.31643577
   1   2       788          0.81997215         12.47611422
   1   2       789         -0.44638509         12.91922151
   1   2       790         -1.85583639         12.01593347
   1   2       791         -3.08858076         12.88451112
   1   2       792         26.87680519         11.48059686
   1   2       793          3.64838301         12.46254658
   1   2       794         -8.41820319         12.65085604
   1   2       795          1.28081108         11.80269677
   1   2       796         -3.43156667         11.62094315
   1   2       797          7.16953958         12.19225787
   1   2       798         -7.59812139         12.86599359
   1   2       799         14.28537915         11.45162753
   1   2       800          6.50829716         13.05643058
   1   2       801          4.82335834         12.07103511
   1   2       802         -1.03108633         12.26134001
   1   2       803         -5.64782927         12.79538472
   1   2       804        -20.62819513         12.24457559
   1   2       805          0.87494256         12.35476916
   1   2       806          0.69303138         12.59078889
