trait/effect level  solution          s.e.
   1   1         1         44.62437782          1.30985927
   1   1         2         56.81755723          2.13456879
   1   1         3         51.00248833          1.16990257
   1   2         1         10.76748860          7.74073650
   1   2         2         14.70305661         10.01708344
   1   2         3         13.03486085          7.83746851
   1   2         4         14.70493362         10.01708344
   1   2         5         12.92837916          7.82330797
   1   2         6         18.59877760         10.01708344
   1   2         7         16.42298596          7.95167765
   1   2         8          9.51512788          7.76885620
   1   2         9         18.00604888         10.01708344
   1   2        10          6.99571859          7.46854800
   1   2        11         10.79528734          7.49231852
   1   2        12         12.32927017         10.01708344
   1   2        13         18.66888939         10.01708344
   1   2        14         15.08082067         10.01708344
   1   2        15         19.84524062         10.01708344
   1   2        16         14.90277168          8.00761333
   1   2        17         15.23890330          7.91787876
   1   2        18         12.91977349          7.88083029
   1   2        19         11.26586586          7.60011401
   1   2        20         18.53719426         10.01708344
   1   2        21         20.21792987         10.01708344
   1   2        22         20.66094361         10.01708344
   1   2        23         16.23153912         10.01708344
   1   2        24          3.46264000         10.02923241
   1   2        25          7.04937642         10.02923241
   1   2        26          3.62747163         10.02923241
   1   2        27          4.74619861          7.03029935
   1   2        28          2.35308778         10.02923241
   1   2        29          2.28998098         10.02923241
   1   2        30          1.59392062         10.02923241
   1   2        31          4.61793947          7.62257863
   1   2        32          4.44409444         10.02923241
   1   2        33          1.63531876          7.74466550
   1   2        34         -1.24777649         10.02923241
   1   2        35          0.33272324         10.02923241
   1   2        36          2.89562023         10.02923241
   1   2        37         -3.91993221         10.02923241
   1   2        38         -0.29579163          7.99432501
   1   2        39          1.35373710         10.02923241
   1   2        40         -3.32182973         10.02923241
   1   2        41          1.27555964         10.02923241
   1   2        42          3.03407891         10.02923241
   1   2        43          3.29404142         10.02923241
   1   2        44          6.53511788          8.03969203
   1   2        45          1.97444701         10.02923241
   1   2        46          1.11826334         10.02923241
   1   2        47          3.03031053         10.02923241
   1   2        48          3.24694667         10.02923241
   1   2        49         -0.37558222         10.02923241
   1   2        50          3.65761296         10.02923241
   1   2        51          3.84316639         10.02923241
   1   2        52         -4.17047663         10.02923241
   1   2        53          1.61746799         10.02923241
   1   2        54         -4.86088586         10.02923241
   1   2        55          1.69470408         10.02923241
   1   2        56         -2.62482656         10.02923241
   1   2        57         -0.19359896          7.74266242
   1   2        58         -0.00635954         10.02923241
   1   2        59         -7.53869343         10.02923241
   1   2        60         -1.72059179          7.63020208
   1   2        61         -2.51179944         10.02923241
   1   2        62         -4.99086711         10.02923241
   1   2        63         -5.54658532         10.02923241
   1   2        64         -2.85841756         10.02923241
   1   2        65         -6.66461497         10.02923241
   1   2        66         -7.13273691         10.02923241
   1   2        67         -4.70924070         10.02923241
   1   2        68         -0.32000932         10.02923241
   1   2        69         -4.13091721         10.02923241
   1   2        70         -6.63259016         10.02923241
   1   2        71         -5.90638919         10.02923241
   1   2        72         -7.19113394         10.02923241
   1   2        73          0.76568001          7.90985836
   1   2        74         -3.81871573          7.51865603
   1   2        75         -6.40276827         10.02923241
   1   2        76         -1.29106341          7.69882173
   1   2        77          2.34084412         10.02923241
   1   2        78         -5.39682435         10.02923241
   1   2        79          1.01768061          7.71598801
   1   2        80         -5.29415742         10.02923241
   1   2        81          3.51727008         10.02923241
   1   2        82          1.14181072         10.02923241
   1   2        83         -0.75139741         10.02923241
   1   2        84          2.02342452         10.02923241
   1   2        85          2.52168779         10.02923241
   1   2        86          0.86866174         10.02923241
   1   2        87          2.49531484         10.02923241
   1   2        88         -4.59527077         10.02923241
   1   2        89         -0.30697372          7.92654984
   1   2        90          3.86577095         10.02923241
   1   2        91         -5.38552136         10.02923241
   1   2        92         -0.81827259         10.02923241
   1   2        93         -2.57396486         10.02923241
   1   2        94          0.16572832          7.55954728
   1   2        95          0.69252783         10.02923241
   1   2        96         -5.00405358         10.02923241
   1   2        97          0.79124947          7.49418660
   1   2        98         -2.32436181         10.02923241
   1   2        99          3.30251813         10.02923241
   1   2       100         -3.52527797         10.02923241
   1   2       101         -0.48484095         10.02923241
   1   2       102         -4.34943611         10.02923241
   1   2       103         -1.09424714         10.02923241
   1   2       104         -6.96790528         10.02923241
   1   2       105          5.50841517          7.49079992
   1   2       106         -4.10636169          7.22054002
   1   2       107         -4.22510672         10.02923241
   1   2       108          4.00234688         10.02923241
   1   2       109         -2.15631174          7.75236538
   1   2       110         -2.57962873          7.57760013
   1   2       111         -3.37269143         10.02923241
   1   2       112         -2.41349213          7.47225641
   1   2       113         -2.41590316          7.64468905
   1   2       114          0.45705407         10.02923241
   1   2       115          3.04067143         10.02923241
   1   2       116          2.46234794         10.02923241
   1   2       117          3.67645057         10.02923241
   1   2       118         -0.16021683          7.75703853
   1   2       119          0.93741967         10.02923241
   1   2       120          2.37725791          7.60733066
   1   2       121         -3.00463061          7.79735223
   1   2       122          2.59007132          7.57088580
   1   2       123         -0.31435818         10.02923241
   1   2       124          0.46383577          7.70050236
   1   2       125         -0.75092552          7.86052452
   1   2       126         -4.20544774          7.64667049
   1   2       127          0.38574185          7.95316968
   1   2       128         -5.67468310         10.02923241
   1   2       129          4.33860266         10.02923241
   1   2       130         -0.99063955         10.02923241
   1   2       131         -0.24748444         10.02923241
   1   2       132         -1.61262249          7.55019772
   1   2       133         -2.74183620          7.66337124
   1   2       134         -0.73127021          7.69828038
   1   2       135          3.53516632         10.02923241
   1   2       136          3.41554525         10.02923241
   1   2       137         -0.88747135          7.90618428
   1   2       138         -2.92340711         10.02923241
   1   2       139         -4.33624964         10.02923241
   1   2       140         -6.53981487          7.84370309
   1   2       141         -5.26872657         10.02923241
   1   2       142          1.05249688          8.24500447
   1   2       143          2.35379175          7.55209661
   1   2       144         -3.52810497         10.02923241
   1   2       145         -4.03861190         10.02923241
   1   2       146         -0.54614765          7.92264990
   1   2       147         -2.62671075         10.02923241
   1   2       148          3.08776618         10.02923241
   1   2       149         -0.36471386          7.52300386
   1   2       150          2.70818260         10.02923241
   1   2       151         -0.30853579          7.93199946
   1   2       152          5.76463166         10.02923241
   1   2       153          5.88048435         10.02923241
   1   2       154          5.19666908         10.02923241
   1   2       155          0.32460635          7.57234400
   1   2       156          2.61350263          7.79520057
   1   2       157          4.74644337         10.02923241
   1   2       158          5.31440596         10.02923241
   1   2       159         -0.37862531          7.59513814
   1   2       160          4.84251707         10.02923241
   1   2       161          3.55372919          7.74604572
   1   2       162          3.49754779          7.60616943
   1   2       163          5.22210065         10.02923241
   1   2       164          6.20072952         10.02923241
   1   2       165          4.44692145         10.02923241
   1   2       166          1.79353264          7.96716411
   1   2       167          3.92062315          7.43324944
   1   2       168          2.20050124         10.02923241
   1   2       169          2.44822009         10.02923241
   1   2       170          3.50314223         10.02923241
   1   2       171          0.35256342          7.82629293
   1   2       172          4.35104080          7.68867865
   1   2       173          2.89954587          7.72027940
   1   2       174          1.20586033         10.02923241
   1   2       175         -6.87088949         10.02923241
   1   2       176         -4.41344161          7.60955397
   1   2       177         -0.47877822          7.76443739
   1   2       178         -0.42550254         10.02923241
   1   2       179         -1.83661050          7.43107124
   1   2       180         -5.51738680         10.02923241
   1   2       181          1.57790858         10.02923241
   1   2       182         -5.12179046         10.02923241
   1   2       183         -2.68215217          7.44094976
   1   2       184          3.06200560          7.66568313
   1   2       185         -2.49504526          7.54412743
   1   2       186         -1.37246008          7.22571908
   1   2       187         -0.64308006         10.02923241
   1   2       188         -6.73054733         10.02923241
   1   2       189         -3.22491831          7.32494052
   1   2       190         -2.89362921          7.33363365
   1   2       191         -0.05910543         10.02923241
   1   2       192         -5.52437283          7.33324610
   1   2       193         -4.12639945          7.36979490
   1   2       194         -1.34573294         10.02923241
   1   2       195          1.69339392          7.38625821
   1   2       196         -4.48360801          7.57808780
   1   2       197          1.31502776          7.86928765
   1   2       198         -0.76906157          7.37628406
   1   2       199          0.36867844          7.51703181
   1   2       200          0.16627373          7.45222766
   1   2       201          2.69122918         10.02923241
   1   2       202         -3.29545679         10.02923241
   1   2       203         -3.34378076          7.77025304
   1   2       204         -2.75475083          7.24743062
   1   2       205         -4.32494736         10.02923241
   1   2       206          3.34678731         10.02923241
   1   2       207          4.90468198          7.49948357
   1   2       208         -2.95294424          7.40708784
   1   2       209          2.68463523         10.02923241
   1   2       210          2.86547890         10.02923241
   1   2       211          0.53301150          7.44559879
   1   2       212          1.11201766          7.80265192
   1   2       213          2.61305172         10.02923241
   1   2       214         -0.16182047          7.27692569
   1   2       215          2.16408992          7.84171811
   1   2       216          3.74891957          7.50110533
   1   2       217          0.23194122         10.02923241
   1   2       218          0.43332703          7.30586488
   1   2       219          4.62546418          7.58439585
   1   2       220          3.28102671          7.33186028
   1   2       221          2.24388184          7.51191367
   1   2       222          2.72023460          7.58798282
   1   2       223          4.65319525         10.02923241
   1   2       224          1.01321937          7.51609291
   1   2       225          0.27244202         10.02923241
   1   2       226         -2.28880928          7.59328203
   1   2       227          4.18978307         10.02923241
   1   2       228          3.79512883         10.02923241
   1   2       229          2.23817647         10.02923241
   1   2       230          4.68333658         10.02923241
   1   2       231         -3.40000719         10.02923241
   1   2       232         -4.93716092          7.47242905
   1   2       233         -5.38457926         10.02923241
   1   2       234          2.69217056         10.02923241
   1   2       235         -4.60599927          7.92429415
   1   2       236         -0.10902576         10.02923241
   1   2       237         -2.10678429         10.02923241
   1   2       238         -3.43203128         10.02923241
   1   2       239         -1.80823238          7.89367210
   1   2       240         -3.53469749         10.02923241
   1   2       241         -1.59028345          7.56508881
   1   2       242         -3.99622548         10.02923241
   1   2       243         -4.85617609         10.02923241
   1   2       244         -3.24419916          7.88459119
   1   2       245         -1.71872400         10.02923241
   1   2       246         -4.31591927          7.51167819
   1   2       247          5.60356842         10.02923241
   1   2       248          0.91814008          7.45735149
   1   2       249          2.47230761          7.41391259
   1   2       250          1.39592430          7.21478387
   1   2       251          0.57774948          7.49077266
   1   2       252          2.67804127         10.02923241
   1   2       253         -1.18747897          8.00068290
   1   2       254         -4.65170922          7.45497538
   1   2       255         -1.85130547          7.64935751
   1   2       256          3.09944935          7.68365987
   1   2       257          1.13059645          7.57343431
   1   2       258          3.90250480         10.02923241
   1   2       259         -3.82668552         10.02923241
   1   2       260         -5.97797341         10.02923241
   1   2       261         -5.21253259          7.49992520
   1   2       262          2.96600678         10.04931459
   1   2       263          0.27595339         10.04931459
   1   2       264          1.49471225          7.36443095
   1   2       265          1.35348153         10.04931459
   1   2       266         -6.53843207          7.11533947
   1   2       267         -1.30544436          7.69538406
   1   2       268         -0.67158149          7.57132248
   1   2       269         -0.41621020          7.76987640
   1   2       270          1.70009964         10.04931459
   1   2       271         -4.16984543          7.53923464
   1   2       272          1.11235663         10.04931459
   1   2       273          1.25552508         10.04931459
   1   2       274         -1.85272850         10.04931459
   1   2       275          0.65647978         10.04931459
   1   2       276          0.11051038          7.35764783
   1   2       277          0.46433240         10.04931459
   1   2       278          1.91086607          7.65498003
   1   2       279         -4.26079513          7.50598675
   1   2       280         -2.31512676          7.29194718
   1   2       281         -2.06874919          7.50762154
   1   2       282         -8.83028700         10.04931459
   1   2       283         -3.15344231          7.23339112
   1   2       284         -2.42880509          7.83489897
   1   2       285         -6.40773288         10.04931459
   1   2       286          1.66032444          7.87826216
   1   2       287          2.87181728         10.04931459
   1   2       288         -4.67429093          7.57501053
   1   2       289          1.48157931         10.04931459
   1   2       290          0.04613078         10.04931459
   1   2       291          2.09570753          7.37306958
   1   2       292         -2.89258141         10.04931459
   1   2       293          0.43419250         10.04931459
   1   2       294          2.04671632         10.04931459
   1   2       295         -6.77488552          7.45863540
   1   2       296         -1.69072244         10.04931459
   1   2       297         -0.83548302         10.04931459
   1   2       298         -4.13229939          7.48836799
   1   2       299         -1.81735619          7.48535113
   1   2       300         -1.33139353          7.79761955
   1   2       301         -0.21885160          7.33001448
   1   2       302         -3.56600635          7.64184331
   1   2       303          2.99614524         10.04931459
   1   2       304          1.85457037         10.04931459
   1   2       305         -0.60316875          7.86444247
   1   2       306          3.02628657         10.04931459
   1   2       307         -4.55457428          7.81363416
   1   2       308         -0.95981242         10.04931459
   1   2       309         -2.42916923         10.04931459
   1   2       310          0.76509831          7.64883312
   1   2       311         -1.38178099         10.04931459
   1   2       312          2.54403678         10.04931459
   1   2       313         -1.62850601          7.62769676
   1   2       314          0.00725426          7.32012191
   1   2       315          0.39609079          7.76529795
   1   2       316         -0.67724391         10.04931459
   1   2       317         -2.88127913         10.04931459
   1   2       318          1.76791476         10.04931459
   1   2       319          3.15438579         10.04931459
   1   2       320         -0.82041236         10.04931459
   1   2       321          1.80559142         10.04931459
   1   2       322         -1.09921248         10.04931459
   1   2       323         -0.81664397         10.04931459
   1   2       324         -1.76230738         10.04931459
   1   2       325         -1.41192232         10.04931459
   1   2       326         -4.72805922          7.72376601
   1   2       327          1.09728597         10.04931459
   1   2       328          3.97194998         10.04931459
   1   2       329          1.90486723          7.41360434
   1   2       330         -0.37154327          7.42688304
   1   2       331         -6.76786059          7.60394249
   1   2       332          0.39168176          7.79982894
   1   2       333          2.94339935         10.04931459
   1   2       334         -4.47873228         10.04931459
   1   2       335         -8.16719353         10.04931459
   1   2       336         -2.56975081          7.31934350
   1   2       337          2.41970738         10.04931459
   1   2       338         -1.07283953         10.04931459
   1   2       339          3.10917379         10.04931459
   1   2       340         -4.97054492          7.57734284
   1   2       341          2.78139329         10.04931459
   1   2       342          2.49505783         10.04931459
   1   2       343          2.31798255         10.04931459
   1   2       344          0.80341518         10.04931459
   1   2       345         -0.76766647         10.04931459
   1   2       346          0.34753833         10.04931459
   1   2       347         -0.62449802         10.04931459
   1   2       348          3.86268981         10.04931459
   1   2       349         -6.52638610         10.02677610
   1   2       350         -2.11455016         10.02677610
   1   2       351         -1.41001309         10.02677610
   1   2       352         -4.40147116         10.02677610
   1   2       353          1.54753815         10.02677610
   1   2       354         -0.71112122          7.81699535
   1   2       355          3.15460922          7.96331951
   1   2       356         -3.03007224         10.02677610
   1   2       357         -0.66779935         10.02677610
   1   2       358         -1.20279503         10.02677610
   1   2       359          0.68099501         10.02677610
   1   2       360         -0.48139530          7.29817738
   1   2       361         -0.19116965          7.31265671
   1   2       362         -0.41975849          7.85951429
   1   2       363         -2.41716339          7.37417966
   1   2       364         -2.17859833         10.02677610
   1   2       365         -1.34578432          7.48985771
   1   2       366          0.10832267         10.02677610
   1   2       367         -4.49189228         10.02677610
   1   2       368         -0.96543852         10.02677610
   1   2       369         -1.16511980         10.02677610
   1   2       370         -4.02317550          7.37599481
   1   2       371         -3.50478670         10.02677610
   1   2       372         -2.02432084          7.23826926
   1   2       373         -3.72685507          7.70114262
   1   2       374         -0.62518387          7.24011274
   1   2       375         -0.82254563          7.29345947
   1   2       376         -6.15716342         10.02677610
   1   2       377         -0.63302320          7.45128217
   1   2       378         -2.16512552          7.56695811
   1   2       379          0.35994373          7.70692771
   1   2       380          1.34032153         10.02677610
   1   2       381         -0.62258879         10.02677610
   1   2       382         -3.85668593          7.39613022
   1   2       383         -3.81749653         10.02677610
   1   2       384          1.67940288         10.02677610
   1   2       385          1.23882243          7.65316686
   1   2       386         -3.65916441          7.80096756
   1   2       387         -0.82178533          7.26956445
   1   2       388         -0.09839686          7.63770330
   1   2       389         -3.54443659          7.51835156
   1   2       390         -0.63012268         10.02677610
   1   2       391          1.86401493         10.02677610
   1   2       392         -2.58926462         10.02677610
   1   2       393         -1.24903866          7.70775126
   1   2       394          2.78587466          7.71046964
   1   2       395          1.76229010         10.02677610
   1   2       396         -1.59839209         10.02677610
   1   2       397          1.98457738         10.02677610
   1   2       398          3.84952981         10.02677610
   1   2       399         -4.90215859          7.40060692
   1   2       400          2.42400463          7.66484991
   1   2       401         -3.51985736         10.02677610
   1   2       402          5.54145441          6.90026740
   1   2       403         -2.17323770          7.41513950
   1   2       404          2.99247374          7.27283542
   1   2       405          0.41778159          7.39191106
   1   2       406         -3.10165574         10.02677610
   1   2       407          1.23046143          7.70779585
   1   2       408          0.20627912         10.02677610
   1   2       409         -1.89226288         10.02677610
   1   2       410         -1.00311375         10.02677610
   1   2       411         -0.17801422         10.02677610
   1   2       412          2.03732327         10.02677610
   1   2       413         -4.16788160         10.02677610
   1   2       414          4.97956202          7.66136880
   1   2       415          2.61889411          7.63946620
   1   2       416         -0.58491213         10.02677610
   1   2       417         -3.69393760          7.87524379
   1   2       418         -3.49736493          7.67332651
   1   2       419          5.39879953          7.69824851
   1   2       420          2.28221655         10.02677610
   1   2       421          1.98078862          7.70768358
   1   2       422         -0.27220373         10.02677610
   1   2       423          3.98887340          7.11168796
   1   2       424         -4.20932377         10.02677610
   1   2       425          0.57173485         10.02677610
   1   2       426          3.05936065          7.83925803
   1   2       427          3.94193047          7.59869121
   1   2       428          2.73731639          7.63602040
   1   2       429          1.90922549         10.02677610
   1   2       430         -7.72540281          7.47523102
   1   2       431         -0.76159585          7.53159723
   1   2       432         -3.08281813         10.02677610
   1   2       433         -5.79547608         10.02677610
   1   2       434         -1.26101762          7.72684935
   1   2       435         -2.14845844         10.02677610
   1   2       436          0.37958746         10.02677610
   1   2       437         -3.24105580         10.02677610
   1   2       438         -4.77051240          7.72055494
   1   2       439         -0.21275632          7.51359978
   1   2       440          0.70985667          7.66351967
   1   2       441         -1.49290606          7.88094410
   1   2       442          0.84200715          7.78632334
   1   2       443         -2.02412761         10.02677610
   1   2       444         -1.79574604          7.49175718
   1   2       445         -2.37451267         10.02677610
   1   2       446          0.00238731          7.77068974
   1   2       447         -0.14833615          7.40318069
   1   2       448         -5.95748214         10.02677610
   1   2       449         -0.67156630         10.02677610
   1   2       450          1.07503829          7.85069187
   1   2       451          5.16412433          7.45842204
   1   2       452          1.03404203          7.61067037
   1   2       453          5.74460887          8.18528312
   1   2       454          1.83764199         10.02677610
   1   2       455          2.89484311          7.84901054
   1   2       456         -0.51379298          7.55939697
   1   2       457          2.32365873         10.02677610
   1   2       458         -2.63407333          7.59584885
   1   2       459         -2.60878183          7.76701172
   1   2       460          2.55724973         10.02677610
   1   2       461          1.70200887         10.02677610
   1   2       462          3.86459904         10.02677610
   1   2       463          1.26627257          7.32805799
   1   2       464         -1.30527382          7.91625036
   1   2       465          0.24479011          7.75294754
   1   2       466         -1.97138171         10.02677610
   1   2       467          2.49294225          7.38256015
   1   2       468         -0.11019767         10.02677610
   1   2       469          2.50450384         10.02677610
   1   2       470          1.74721943         10.02677610
   1   2       471         -7.34395101         10.02677610
   1   2       472         -0.77641792          7.75643917
   1   2       473         -2.77387668         10.02677610
   1   2       474         -1.16398102          8.02434395
   1   2       475          4.56469113          7.45014271
   1   2       476         -1.93176189          7.84640340
   1   2       477          0.45080777          7.75001057
   1   2       478          2.48382288          7.60689590
   1   2       479          3.29163976          7.51888229
   1   2       480          1.15947786         10.02677610
   1   2       481          3.45770114         10.02677610
   1   2       482          3.03196419         10.02677610
   1   2       483         -0.46598381          7.61273971
   1   2       484          3.55565759         10.02677610
   1   2       485         -1.13649729          7.45854335
   1   2       486          2.60999562         10.02677610
   1   2       487          0.99185534          7.39679986
   1   2       488         -1.83198165         10.02677610
   1   2       489         -3.81749653         10.02677610
   1   2       490         -6.37568232         10.02677610
   1   2       491         -5.20396612         10.02677610
   1   2       492         -2.47623750         10.02677610
   1   2       493          1.29166349          7.55788548
   1   2       494         -3.70446942         10.02677610
   1   2       495          2.06994445          7.74381556
   1   2       496          3.09224541         10.02677610
   1   2       497          3.39148428          7.45277232
   1   2       498         -0.26267298          7.83042016
   1   2       499          3.12584504          7.79086874
   1   2       500          3.85480358          7.30690078
   1   2       501          3.43509514         10.02677610
   1   2       502          3.89474037         10.02677610
   1   2       503          1.42153978          7.73718750
   1   2       504          2.52446561          7.93148390
   1   2       505          2.26083390          7.48280098
   1   2       506          4.76881884         10.02677610
   1   2       507          0.95979514         10.02677610
   1   2       508          0.52275590         10.02677610
   1   2       509          3.09127363          7.75255505
   1   2       510          2.49669235          7.52311682
   1   2       511          8.07930238          7.72984183
   1   2       512          2.00281336          7.87287092
   1   2       513          2.76069940         10.02677610
   1   2       514          2.47813089         10.02677610
   1   2       515          0.18744151         10.02677610
   1   2       516          4.63649976          7.84879666
   1   2       517          3.10611670          7.37242204
   1   2       518          2.90763479         10.02677610
   1   2       519          2.37640606         10.02677610
   1   2       520          3.79678392         10.02677610
   1   2       521          0.13930791          7.64928299
   1   2       522          1.24954212          7.66797073
   1   2       523          7.27826827          7.52903469
   1   2       524          2.39901062         10.02677610
   1   2       525         -4.84981267         10.02677610
   1   2       526         -2.02036066         10.02677610
   1   2       527         -1.99692364          7.55799894
   1   2       528          4.29997627          7.71224289
   1   2       529          0.69394745          7.05570708
   1   2       530          1.74612579          8.19212483
   1   2       531          9.87887390          7.15024404
   1   2       532          4.78919268          7.47605641
   1   2       533         -1.37132218          7.78070641
   1   2       534          3.33547751          7.59483899
   1   2       535          0.00263115          7.62935999
   1   2       536          1.69824049         10.02677610
   1   2       537          1.73214877         10.02677610
   1   2       538         -0.03861273         10.02677610
   1   2       539          3.55332236          7.70601369
   1   2       540         -0.24206240         10.02677610
   1   2       541          2.64586557          7.40071587
   1   2       542         -0.40155957          7.77081446
   1   2       543         -0.73692420          7.39088323
   1   2       544          2.31235645         10.02677610
   1   2       545          3.88143099          7.66847684
   1   2       546          3.03127751          7.60934375
   1   2       547         -1.72719163          7.63958337
   1   2       548          4.63050006          7.87103402
   1   2       549          3.58579892         10.02677610
   1   2       550          4.15470288         10.02677610
   1   2       551          2.50544241          7.71587320
   1   2       552         -2.48772224          7.77574784
   1   2       553          0.25194698          7.34613095
   1   2       554          1.69133382          7.85217018
   1   2       555          1.32271408          7.68007316
   1   2       556         -3.14417353          7.61365453
   1   2       557          1.56637576         10.02677610
   1   2       558          1.94697106          7.61983665
   1   2       559         -0.24349076          7.65642341
   1   2       560          3.92013307          7.75859922
   1   2       561         -2.57042701         10.02677610
   1   2       562          2.83981823         10.02677610
   1   2       563         -1.63717972          7.52019181
   1   2       564          5.39223505          7.88280548
   1   2       565          1.72076778          7.50077956
   1   2       566          1.98984686          7.66086981
   1   2       567          2.18049172         10.02677610
   1   2       568          2.53374135          7.83505783
   1   2       569         -0.87124902         10.02677610
   1   2       570         -1.64406552          7.65125647
   1   2       571         -3.91056628          7.60965928
   1   2       572          3.86390257          7.86947933
   1   2       573         -6.39075299         10.02677610
   1   2       574         -1.12367619         10.02677610
   1   2       575         -4.34102027          7.48749673
   1   2       576         -1.77533694          7.40291437
   1   2       577          0.94990323          7.35956470
   1   2       578          4.69387811          7.51155719
   1   2       579          1.52116520         10.02677610
   1   2       580          2.02883382          7.41563348
   1   2       581          4.38667421          6.77534058
   1   2       582         -1.00100216          7.50474484
   1   2       583         -1.50309922          7.63469209
   1   2       584         -0.89860623          7.56436229
   1   2       585         -6.37568232         10.02677610
   1   2       586          0.95602819         10.02677610
   1   2       587          2.16232994          7.99945534
   1   2       588          3.45393275         10.02677610
   1   2       589          3.71012831         10.02677610
   1   2       590          6.50100520          7.44228462
   1   2       591          2.66600693          7.67449539
   1   2       592          6.49667951          7.37639383
   1   2       593         -1.34422812          7.52439224
   1   2       594          3.08730186          7.65408044
   1   2       595          1.49073025          7.33135875
   1   2       596         -7.99574219         10.02677610
   1   2       597          1.44814740          7.57257344
   1   2       598          0.81257460          7.59493410
   1   2       599         -1.75589931          7.59661312
   1   2       600          0.89951391         10.02677610
   1   2       601          0.38487797          7.60069102
   1   2       602          3.88168941          7.25995341
   1   2       603          5.90959308          7.34941531
   1   2       604          4.05463757          7.48187816
   1   2       605         -2.23475419          7.73760735
   1   2       606          2.69328096          7.64459381
   1   2       607          0.27924974          7.25966457
   1   2       608         -7.32888106         10.02677610
   1   2       609         -7.23092389         10.02677610
   1   2       610          2.91893707         10.02677610
   1   2       611         -0.89146575          7.72210980
   1   2       612          3.17513263         10.02677610
   1   2       613          3.82445923          7.45711295
   1   2       614          4.07313235          7.34172179
   1   2       615          5.63493623          7.49679039
   1   2       616          4.88984648          7.39021449
   1   2       617          2.85219216          7.62594153
   1   2       618          1.21684468          7.50695969
   1   2       619         -0.51417434          7.66896277
   1   2       620          5.07217370          7.07726446
   1   2       621          0.81325014          7.35511349
   1   2       622         -0.01223978         10.02677610
   1   2       623          2.82474757         10.02677610
   1   2       624          2.59352812          7.54974678
   1   2       625          6.40075604          7.35522925
   1   2       626          2.29226430          7.38900903
   1   2       627          4.69279396          7.48845068
   1   2       628          3.04326790         10.02677610
   1   2       629          1.46123584          7.97779862
   1   2       630          2.66256490          7.37180555
   1   2       631         -0.49964055          7.69451948
   1   2       632          0.01790011         10.02677610
   1   2       633          2.43021916          8.02456727
   1   2       634          3.97507389          7.95092170
   1   2       635         -0.42290607         10.02677610
   1   2       636          3.85329676         10.02677610
   1   2       637         -1.65867331         10.02677610
   1   2       638          5.78158864          7.51380840
   1   2       639         -1.83574860         10.02677610
   1   2       640          1.29807593          7.46422909
   1   2       641          0.63977353          7.61317217
   1   2       642         -0.47594585          7.48754883
   1   2       643          3.11078699          7.56536619
   1   2       644         -0.20061878         10.02677610
   1   2       645          0.84300107         10.02677610
   1   2       646         -0.40579335          7.67178294
   1   2       647         12.87145482         10.01708344
   1   2       648         14.13247111         10.01708344
   1   2       649         11.86562638          7.49669966
   1   2       650         12.05808805          7.36231303
   1   2       651         10.30184120          7.65144879
   1   2       652          9.61762429          7.54269351
   1   2       653          8.54853299          7.72423450
   1   2       654         13.19590282          7.85286172
   1   2       655         11.49465785          7.38849385
   1   2       656         13.63350360         10.01708344
   1   2       657          6.09189326          7.44814485
   1   2       658         18.80248453         10.01708344
   1   2       659         10.50669482         10.01708344
   1   2       660         19.13424756         10.01708344
   1   2       661         10.52464376          7.23799147
   1   2       662         12.72532680          7.35286552
   1   2       663         14.20455545          7.52764592
   1   2       664          9.08451563          7.94113142
   1   2       665         11.60812966          7.69815019
   1   2       666         13.32893097          7.69858728
   1   2       667          7.85383433          7.65519774
   1   2       668         21.08378601         10.01708344
   1   2       669         12.98059139         10.01708344
   1   2       670         19.93339093         10.01708344
   1   2       671         20.26999452         10.01708344
   1   2       672         17.68435356         10.01708344
   1   2       673         12.59712964          7.19853763
   1   2       674         15.34225501          7.44667427
   1   2       675         11.56603217          7.13304704
   1   2       676         16.02698855         10.01708344
   1   2       677         15.43159379         10.01708344
   1   2       678         11.46603691          7.32045467
   1   2       679         11.73025569          7.41890367
   1   2       680         15.23327814          7.71689078
   1   2       681          7.15853288          7.74771835
   1   2       682         15.59087488         10.01708344
   1   2       683         15.39749580         10.01708344
   1   2       684         12.79067743         10.01708344
   1   2       685         14.38150357         10.01708344
   1   2       686          7.47477155          7.64740550
   1   2       687         20.63967710         10.01708344
   1   2       688         19.14707904         10.01708344
   1   2       689         18.18632916         10.01708344
   1   2       690         16.87258998         10.01708344
   1   2       691         17.75021119         10.01708344
   1   2       692         17.29960749         10.01708344
   1   2       693         14.11603500          8.05738298
   1   2       694         18.70130440         10.01708344
   1   2       695         10.07842443          7.59622789
   1   2       696          8.30655892          7.86692624
   1   2       697         16.55751644          7.39408561
   1   2       698         19.83203259         10.01708344
   1   2       699         20.87461621         10.01708344
   1   2       700         19.04408515         10.01708344
   1   2       701         10.72293590          7.80337817
   1   2       702         19.13098652         10.01708344
   1   2       703         19.03092167         10.01708344
   1   2       704         17.61075220         10.01708344
   1   2       705         20.25073724         10.01708344
   1   2       706         20.25964799         10.01708344
   1   2       707         12.20271596         10.01708344
   1   2       708         19.10032060         10.01708344
   1   2       709         16.68244032         10.01708344
   1   2       710         14.21067300         10.01708344
   1   2       711         12.59046383          7.86472662
   1   2       712         18.97753478         10.01708344
   1   2       713         13.62062559          7.80705540
   1   2       714         15.39422979          8.16773439
   1   2       715         18.81342176         10.01708344
   1   2       716         12.92297907         10.01708344
   1   2       717         20.05559325         10.01708344
   1   2       718         19.21215052         10.01708344
   1   2       719         19.45169016         10.01708344
   1   2       720         19.52129605         10.01708344
   1   2       721         21.23344349         10.01708344
   1   2       722         20.02906508         10.01708344
   1   2       723         19.56555374         10.01708344
   1   2       724         16.68776378         10.01708344
   1   2       725         12.50355508          7.55109788
   1   2       726          9.94068874          7.36668331
   1   2       727         14.36931309         10.01708344
   1   2       728          7.22040356          7.46651102
   1   2       729         12.78484664         10.01708344
   1   2       730         14.74857761         10.01708344
   1   2       731          6.82534140          7.80317148
   1   2       732         20.77295030         10.01708344
   1   2       733          0.00000000         12.68857754
   1   2       734          0.00000000         12.68857754
   1   2       735         -3.25831031          8.59734672
   1   2       736          0.00000000         12.68857754
   1   2       737         -4.57835228          8.36499652
   1   2       738         -0.11667560          8.66677662
   1   2       739          1.21762066          8.80794046
   1   2       740          0.00000000         12.68857754
   1   2       741          0.00000000         12.68857754
   1   2       742         -0.50005515          8.51638910
   1   2       743          0.00000000         12.68857754
   1   2       744          0.00000000         12.68857754
   1   2       745          0.00000000         12.68857754
   1   2       746          0.00000000         12.68857754
   1   2       747          0.00000000         12.68857754
   1   2       748         -0.45101678          9.10371988
   1   2       749          3.31898659          8.21548906
   1   2       750         -0.44876028          8.81199106
   1   2       751         -1.05469620          8.67324306
   1   2       752          3.31632841          8.81164086
   1   2       753          0.00000000         12.68857754
   1   2       754         -0.54170011          8.30971106
   1   2       755          0.00000000         12.68857754
   1   2       756         -4.12990583          7.57028302
   1   2       757          0.00000000         12.68857754
   1   2       758          2.60638968          8.38819069
   1   2       759          0.00712894          8.98172579
   1   2       760          1.27314462          8.56636293
   1   2       761         -0.88089713          8.61240198
   1   2       762         -0.63222994          8.41566499
   1   2       763          0.00000000         12.68857754
   1   2       764         -0.83441581          9.08296096
   1   2       765          0.00000000         12.68857754
   1   2       766          0.00000000         12.68857754
   1   2       767          0.00000000         12.68857754
   1   2       768          0.00000000         12.68857754
   1   2       769          0.00000000         12.68857754
   1   2       770         -2.18324515          8.51761558
   1   2       771          0.00000000         12.68857754
   1   2       772          4.00664970          9.08920465
   1   2       773          0.00000000         12.68857754
   1   2       774          0.00000000         12.68857754
   1   2       775          0.00000000         12.68857754
   1   2       776          0.00000000         12.68857754
   1   2       777          0.00000000         12.68857754
   1   2       778          0.00000000         12.68857754
   1   2       779          0.00000000         12.68857754
   1   2       780         -4.65980019          7.73638202
   1   2       781         -0.84179172          8.28265177
   1   2       782          0.00000000         12.68857754
   1   2       783          1.56643416          9.19014543
   1   2       784          0.00000000         12.68857754
   1   2       785         -0.29735158          7.79661189
   1   2       786         -2.34846072          8.28529681
   1   2       787          0.00000000         12.68857754
   1   2       788          0.00000000         12.68857754
   1   2       789          0.00000000         12.68857754
   1   2       790          0.44684267          8.42681247
   1   2       791          0.37185599          8.94466912
   1   2       792          7.65757440          7.13823718
   1   2       793          0.00000000         12.68857754
   1   2       794          1.93808325          9.04774366
   1   2       795          0.00000000         12.68857754
   1   2       796          0.00000000         12.68857754
   1   2       797          0.00000000         12.68857754
   1   2       798          0.00000000         12.68857754
   1   2       799          0.00000000         12.68857754
   1   2       800          2.82342505          9.17162779
   1   2       801          0.00000000         12.68857754
   1   2       802         -3.21777072          9.58048701
   1   2       803          0.00000000         12.68857754
   1   2       804          0.00000000         12.68857754
   1   2       805          0.00000000         12.68857754
   1   2       806          5.87069006          8.60387512
   1   2       807          0.00000000         12.68857754
   1   2       808          0.00000000         12.68857754
   1   2       809          0.00000000         12.68857754
   1   2       810          0.00000000         12.68857754
