           1  0.567006366041726     
           2  0.490196635764202     
           3  0.549896541183673     
           4  0.320592456228153     
           5  0.569161565873206     
           6  0.508529697151520     
           7  0.579601218451377     
           8  0.563223228165841     
           9  0.521629068349021     
          10  0.576327198295308     
          11  0.540911367266727     
          12  0.385087880637763     
          13  0.924935787160723     
          14  0.543908821138633     
          15  0.299738690402081     
          16  0.579107397187949     
          17  0.562283027585065     
          18  0.576404114653970     
          19  0.520912211905359     
          20  0.515530574384539     
          21  0.470206842960972     
          22  0.503152131911338     
          23  0.426227310949497     
          24  0.655823431522398     
          25  0.468063720332929     
          26  0.496110238076868     
          27  0.553113082703616     
          28  0.601359182540689     
          29  0.509645533686746     
          30  0.445863143410006     
          31  0.571655143496418     
          32  0.466469579112151     
          33  0.553246250232272     
          34  0.435079398123201     
          35  0.578288502798186     
          36  0.538322026624685     
          37  0.438192531921494     
          38  0.554089865140117     
          39  0.348318216949519     
          40  0.457965626880167     
          41  0.555440779128374     
          42  0.547786748117936     
          43  0.473558820405957     
          44  0.575587092343273     
          45  0.457352849832949     
          46  0.295220349693901     
          47  0.423484548836890     
          48  0.541151998052081     
          49  0.425447358473448     
          50  0.473372523970670     
          51  0.473948236009603     
          52  0.491185484837918     
          53  0.460739445332098     
          54  0.553601132976669     
          55  0.412450769710502     
          56  0.507831947503109     
          57  0.557932912271824     
          58  0.334464357550529     
          59  0.574607114861917     
          60  0.521705816595031     
          61  0.523698371361195     
          62  0.447542111883512     
          63  0.364903436622424     
          64  0.528176284225324     
          65  0.353065574111759     
          66  0.486069507047133     
          67  0.427316104376302     
          68  0.551983671119600     
          69  0.546974093556706     
          70  0.439931103119239     
          71  0.565732054723181     
          72  0.554434402149994     
          73  0.590011748339880     
          74  0.501453065009625     
          75  0.405713400387016     
          76  0.537801997414043     
          77  0.547685228135478     
          78  0.326913131178236     
          79  0.560044596322306     
          80  0.534719907034282     
          81  0.475800475360660     
          82  9.999999776482606E-003
          83  0.546132739072256     
          84  0.486417844408457     
          85  0.510239835676096     
          86  0.427484210361695     
          87  0.440785431395969     
          88  0.432152031597308     
          89  0.543482803751987     
          90  0.503838768023261     
          91  0.385898359548518     
          92  0.517925304910963     
          93  0.514803221947421     
          94  0.460576187177730     
          95  0.511306452425133     
          96  0.511600771746113     
          97  0.515490555371029     
          98  0.530022548137730     
          99  0.532317194834633     
         100  0.510836005693767     
         101  0.484088790558814     
         102  0.540707771574883     
         103  0.458180614058169     
         104  0.583350338018346     
         105  0.543840854038663     
         106  0.507341013090745     
         107  0.541371628426576     
         108  0.545876746660857     
         109  0.521890148594883     
         110  0.260559495840057     
         111  0.523500001180219     
         112  0.522687275306008     
         113  2.997510199639202E-002
         114  0.491403849119661     
         115  0.565450256944157     
         116  0.517388299788331     
         117  0.550198684586164     
         118   8.19212031652286     
         119  0.559370976773373     
         120  0.550489686106408     
         121  0.550150354080222     
         122  0.521754523325439     
         123  0.520304162456365     
         124  0.552319358579271     
         125  0.543529962415581     
         126  0.578127187771127     
         127   1.64381737973207     
         128  0.490481775953868     
         129  0.164951736096786     
         130  0.346893367369675     
         131  0.537840166938019     
         132  0.536228224590747     
         133  0.526285421969763     
         134  0.349950582413587     
         135  0.117169477294483     
         136  0.529214889813172     
         137  0.426542906144264     
         138  0.472486421845237     
         139  0.569707251863598     
         140  0.515687297090022     
         141  0.595241841115921     
         142  0.570142299266879     
         143  0.297805619104078     
         144  0.344586597376343     
         145  0.588811965082161     
         146  0.458633343293286     
         147  0.390199780697568     
         148  0.543814363293017     
         149  0.345504657377423     
         150  0.545416820571973     
         151  0.437805382284173     
         152  0.490632938819556     
         153  0.322160127771319     
         154  0.539127144364824     
         155  0.546826242384999     
         156  0.528372009384331     
         157  0.522104895946848     
         158  0.559118427477128     
         159  0.506141764189866     
         160  0.582644488597363     
         161  0.557483517023836     
         162  0.539033387796374     
         163  0.328568746809607     
         164  0.530332872549636     
         165  0.559501366562194     
         166  0.497909553164640     
         167  0.398255181246667     
         168  0.251240158366577     
         169  0.455794651140681     
         170  0.576341576593752     
         171  0.600336416749664     
         172  0.549353835473739     
         173  0.549748996084200     
         174  0.416494987977610     
         175  0.532217719864038     
         176  0.554088298331600     
         177  0.497594603294755     
         178  0.547318643882220     
         179  0.433266413206555     
         180  0.440637735213089     
         181  0.373536331580876     
         182  0.506327086738369     
         183  0.547451014451559     
         184  0.541823877703958     
         185  0.550609519849512     
         186  0.470167550802152     
         187  0.485189112077050     
         188  0.563288585286245     
         189  0.559890363478218     
         190  0.511162015555576     
         191  0.539181599738162     
         192  0.540469723129641     
         193  0.465120665823834     
         194  0.524373640893857     
         195  0.534463993314313     
         196  0.570124707703148     
         197  0.523668195587054     
         198  0.523595252002357     
         199  0.545442522816153     
         200  0.436409325370560     
         201  0.538586519680948     
         202  0.575252998027088     
         203  0.544958977606585     
         204  0.541128992304839     
         205  0.290652935920537     
         206  0.599180870202359     
         207  0.548557168515141     
         208  9.999999776482606E-003
         209  0.497542604053017     
         210  0.548809392606651     
         211  0.553565266532293     
         212  0.525778122574651     
         213  0.553833834954045     
         214  0.562136919626597     
         215  0.553627275761789     
         216  0.236180178089826     
         217  0.558573970104345     
         218  0.533458461332763     
         219  0.540853905964314     
         220  0.541026784177529     
         221  0.535582073911078     
         222  0.304441836635532     
         223  0.508091866888664     
         224  8.621230898594420E-002
         225  0.529278838066040     
         226  0.481234423435590     
         227  0.376218231821170     
         228  0.517821876073756     
         229  0.365545352563503     
         230  0.225856192676558     
         231  0.535928172799230     
         232  0.417280325022098     
         233  0.420378928839790     
         234  0.557582624835550     
         235  0.346697722467180     
         236  0.329562568937219     
         237  0.485403336933377     
         238  0.575466424276851     
         239  0.423720536383533     
         240  0.552692318786634     
         241  0.428218178144427     
         242  0.339414046718217     
         243  0.557909760478813     
         244  0.351426339895799     
         245  0.519891081638019     
         246  0.477359947429194     
         247  0.519581900511782     
         248  0.531386531326707     
         249  0.545655756951587     
         250  0.570873308554116     
         251  0.514158403749119     
         252  0.575547670856419     
         253  0.528428038761214     
         254  0.543975219632934     
         255  0.568544453237346     
         256  0.563383713368423     
         257  0.381045325855908     
         258  0.395846353314472     
         259  0.352302766490143     
         260  0.582355054526168     
         261  0.429481578363751     
         262  0.478356636771592     
         263  0.551779931059009     
         264  0.471129824280176     
         265  0.530134841355741     
         266  0.537486814204081     
         267  0.524156561316831     
         268  0.548941960564275     
         269  0.455379250982756     
         270  0.539247422556929     
         271  0.608025607472270     
         272  0.492070564636185     
         273  0.426803541791395     
         274  0.397706412461478     
         275  0.559525362334716     
         276  0.409321932620288     
         277  0.543253848182772     
         278  0.536319197559625     
         279  0.504845706870630     
         280  0.563248898819363     
         281  0.414150031729962     
         282  0.481255492732674     
         283  0.570075968548919     
         284  0.537204641061819     
         285  0.593106121807566     
         286  0.467479537289473     
         287  0.546138167742892     
         288  0.482091139716909     
         289  0.533246702132947     
         290  0.525755441100178     
         291  0.529375616459396     
         292  0.101571049660611     
         293  0.476028964381011     
         294  0.537114446100561     
         295  0.507901387647760     
         296  0.531851249540889     
         297  0.530773699365262     
         298  0.533079131764206     
         299  0.564978504121961     
         300  0.524009827431256     
         301  0.526212025952001     
         302  0.497753036233291     
         303  0.560761678262434     
         304  0.555837468666711     
         305  0.528289195248685     
         306  0.541407864106766     
         307  0.465381334406836     
         308  0.444337542525845     
         309  0.559781237229017     
         310  0.434654981297711     
         311  0.506668405715058     
         312  0.541170274485226     
         313  0.510368989727717     
         314  0.528994723533381     
         315  0.465232026040331     
         316  0.417478924612924     
         317  0.487006209573306     
         318  0.439115222367986     
         319  0.479373091480867     
         320  0.533817015520613     
         321  0.449604765380663     
         322  0.506168804790826     
         323  0.503146631941063     
         324  0.469177316945286     
         325  0.545568774070688     
         326  0.388836615292549     
         327  0.482530412660754     
         328  0.524912478673407     
         329  0.584603864548702     
         330  0.522944248062243     
         331  0.564162126705809     
         332  0.544391827290652     
         333  0.551334418998236     
         334  0.511923235083063     
         335  0.506886885448771     
         336  0.319639914907921     
         337  0.117169477294483     
         338  0.473270521233400     
         339  0.549761638227905     
         340  0.425490029567702     
         341  0.468167800807007     
         342  0.508047016983852     
         343  0.537854923240202     
         344  0.523752043530400     
         345  0.526605782342630     
         346  0.389861505557669     
         347  0.474105424753110     
         348  0.464807822324741     
         349  0.454755531410878     
         350  0.515418576951168     
         351  0.377646751857093     
         352  0.453946356501692     
         353  0.540076410002073     
         354  0.586868207625058     
         355  0.529787608662803     
         356  0.496149639349526     
         357  0.552221047497513     
         358  0.537323319598081     
         359  0.517170019521309     
         360  0.528714706278712     
         361  0.564985350785935     
         362  0.518381732371041     
         363  0.458985837666141     
         364  0.534812147516719     
         365  0.416063106999496     
         366  0.562288808889147     
         367  0.535940500254949     
         368  0.461159963908537     
         369  0.518076035844977     
         370  0.496857392088219     
         371  0.499425042174053     
         372  0.553330580061286     
         373  0.541228659194326     
         374  0.561701833448383     
         375  0.398915082539903     
         376  0.564852344820682     
         377  0.529375464977836     
         378  0.543391045851567     
         379  0.500737350423288     
         380  0.556397495154572     
         381  0.515616462626796     
         382  0.515724729217994     
         383  0.530075419187305     
         384  0.542784714683759     
         385  0.527802089311933     
         386  0.575047390932698     
         387  0.542938039064206     
         388  0.462152924076535     
         389  0.471284273863323     
         390  0.429506422833573     
         391  0.547278748478979     
         392  0.556633503088607     
         393  0.544490120191193     
         394  0.545239798860552     
         395  0.515153703969412     
         396  0.538247920149223     
         397  0.530857460181445     
         398  0.596350404909119     
         399  0.476835533154485     
         400  0.556125766277046     
         401  0.512073659866884     
         402  0.520251977273827     
         403  0.566992327429426     
         404  0.503724810106021     
         405  0.539116048015162     
         406  0.405028034699356     
         407  0.363947916449795     
         408  0.443410500152977     
         409  0.541155263087007     
         410  0.556003282485622     
         411  0.431605938261810     
         412  0.546764266406908     
         413  0.541793178551928     
         414  0.528099304793364     
         415  0.560106375734141     
         416  0.560580429643343     
         417  0.547401211083419     
         418  0.414080011142561     
         419  0.548393688322162     
         420  0.534499124217691     
         421  0.509021952480466     
         422  0.465508988427635     
         423  0.444920581430592     
         424  0.577736087885602     
         425  0.579261319495745     
         426  0.530595218959068     
         427  0.537491698351138     
         428  0.523025684241793     
         429  0.531067803309071     
         430  0.451379887593813     
         431  0.531075289028442     
         432  0.556222396081427     
         433  0.514982986975262     
         434  0.549080560895470     
         435  0.550861881729190     
         436  0.525762840781227     
         437  0.561920136478118     
         438  0.549686735384466     
         439  0.542820613023030     
         440  0.570212016632983     
         441  0.514174600511212     
         442  0.537544110458030     
         443  0.508428237780764     
         444  0.563259494027668     
         445  0.510697092595059     
         446  0.568200515820005     
         447  0.552017732194090     
         448  0.540948825495331     
         449  0.548881700639932     
         450  0.543097477445627     
         451  0.592433147198509     
         452  0.541340095029441     
         453  0.536813547084598     
         454  0.541111063210395     
         455  0.555944943331986     
         456  0.563986488452052     
         457  0.550590441518612     
         458  0.540698495000068     
         459  0.523281629146655     
         460  0.595120948067303     
         461  0.521920955174694     
         462  0.568253560654138     
         463  0.546159658308456     
         464  0.524413925585173     
         465  0.531798617377789     
         466  0.508501218682384     
         467  0.451596535231041     
         468  0.550820335051288     
         469  0.550000734196450     
         470  0.570668575479160     
         471  0.481273884886336     
         472  0.571696668941897     
         473  0.554953085101306     
         474  0.571690773558298     
         475  0.543688033348593     
         476  0.543148230432545     
         477  0.534079506049072     
         478  0.500275880488940     
         479  0.544041272965609     
         480  0.541876423884842     
         481  0.597828824214905     
         482  0.493193781606176     
         483  0.502112845013070     
         484  0.481410873020334     
         485  0.533013036539376     
         486  0.537850942301256     
         487  0.547874040813884     
         488  0.390922210640445     
         489  0.510332412074695     
         490  0.540512483444355     
         491  0.560107347429759     
         492  0.554417095119719     
         493  0.577791482167020     
         494  0.528997836574669     
         495  0.530291208212920     
         496  0.555180531890938     
         497  0.560180185063084     
         498  0.525676006963670     
         499  0.463613551346897     
         500  0.403600946816073     
         501  0.534700422354935     
         502  0.574710721327642     
         503  0.522144681439924     
         504  0.408033085571257     
         505  0.567162643985661     
         506  0.510239390568644     
         507  0.590802329845818     
         508  0.535772631367542     
         509  0.552168644617521     
         510  0.605794066455583     
         511  0.480354961719607     
         512  0.495500119789296     
         513  0.511605796656282     
         514  0.568430431150620     
         515  0.529353217692368     
         516  0.449804454064321     
         517  0.597057767478680     
         518  0.512560107804455     
         519  0.555845372134686     
         520  0.552436629866992     
         521  0.551755894621544     
         522  0.523298371670743     
         523  0.504281248474422     
         524  0.491669783266911     
         525  0.529551056533663     
         526  0.573469476775151     
         527  0.557896331292327     
         528  0.615807039503633     
         529  0.563078853869034     
         530  0.530476910381692     
         531  0.604152610977938     
         532  0.557482726812504     
         533  0.535806496238723     
         534  0.506471013750450     
         535  0.500684516051961     
         536  0.493318067732154     
         537  0.545510601832119     
         538  0.535860311279763     
         539  0.537614633192585     
         540  0.542411395886564     
         541  0.525524498257896     
         542  0.603943192679051     
         543  0.556903292230081     
         544  0.557628629211399     
         545  0.561464465064824     
         546  0.606958491053925     
         547  0.504516781516148     
         548  0.445055226574873     
         549  0.559614505499110     
         550  0.544023213434813     
         551  0.524171305325309     
         552  0.611958709491996     
         553  0.570077689136267     
         554  0.542788161329652     
         555  0.330785668536858     
         556  0.545775112726574     
         557  0.553955210944745     
         558  0.589374756803135     
         559  0.496401899291584     
         560  0.536515810937337     
         561  0.527394941130089     
         562  0.553210643817032     
         563  0.551083637291909     
         564  0.546828026739393     
         565  0.531802242208052     
         566  0.529156507565854     
         567  0.554906967750883     
         568  0.546355179375116     
         569  0.529965456605074     
         570  0.569377052948075     
         571  0.474672198841435     
         572  0.514653214597876     
         573  0.512204327820456     
         574  0.511148088310185     
         575  0.534110547433577     
         576  0.520054887111741     
         577  0.535250051662152     
         578  0.506068453007299     
         579  0.548796646567263     
         580  0.525881988985530     
         581  0.526010702461309     
         582  0.542512146690013     
         583  0.455793936589978     
         584  0.310872567272492     
         585  0.564447704708423     
         586  0.523358859021875     
         587  0.513442889688215     
         588  0.512377361334288     
         589  0.549341554958246     
         590  0.565249336001968     
         591  0.527763167123643     
         592  0.567183467035094     
         593  0.557756637546978     
         594  0.560637709634631     
         595  0.526435525393687     
         596  0.595108836966116     
         597  0.544794582061413     
         598  0.467336215149426     
         599  0.548695730134928     
         600  0.502562944216560     
         601  0.527678273328658     
         602  0.571886622438849     
         603  0.557303144250377     
         604  0.565680643585260     
         605  0.544055343427930     
         606  0.443214614222593     
         607  0.493824452951928     
         608  0.201840345531099     
         609  0.535598954527160     
         610  0.497762278157619     
         611  0.524600327786963     
         612  0.549963656806561     
         613  0.552990910310516     
         614  0.548524621159078     
         615  0.537547195891338     
         616  0.522073109629560     
         617  0.573757993907913     
         618  0.559026151463963     
         619  0.507199181890731     
         620  0.534889993923908     
         621  0.117169477294483     
         622  0.518315988477526     
         623  0.578177233516307     
         624  0.529156200840412     
         625  0.544347780921325     
         626  0.539574298130785     
         627  0.564295103902034     
         628  0.517144006676178     
         629  0.554974902401516     
         630  0.383306486883700     
         631  0.566710957164320     
         632  0.534386621464828     
         633  0.562898533132742     
         634  0.533871278547032     
         635  0.522644460813840     
         636  0.563292148377242     
         637  0.560054202610675     
         638  0.584105637274291     
         639  0.521052473148810     
         640  0.525533055757725     
         641  0.548393158779521     
         642  0.556229074274933     
         643  0.537766101147774     
         644  0.539824622526777     
         645  0.478719271006077     
         646  0.397664456616280     
         647  0.583547472772438     
         648  0.537693750304948     
         649  0.575034988620284     
         650  0.570906151864212     
         651  0.530990010731539     
         652  0.591507106567849     
         653  0.509771465712054     
         654  0.509064261218013     
         655  0.501285349307355     
         656  0.510823375318020     
         657  0.534743508537105     
         658  0.499589235069700     
         659  0.533808643108621     
         660  0.519405938029578     
         661  0.554967733139248     
         662  0.559992842928094     
         663  0.546029689875431     
         664  0.551259793070104     
         665  0.525431792937983     
         666  0.456021375718774     
         667  0.422134521465200     
         668  0.578193183760128     
         669  0.505265673704440     
         670  0.505156877635341     
         671  0.526286984427136     
         672  0.550643893738888     
         673  0.566250843531755     
         674  0.530008363855909     
         675  0.562774380480145     
         676  0.519687172201532     
         677  0.576310673346408     
         678  0.540167550355447     
         679  0.355825450970612     
         680  0.334981265905500     
         681  0.334928095410060     
         682  0.477493479597350     
         683  0.586065043418270     
         684  0.567917894201993     
         685  0.421268422613169     
         686  0.488567643314798     
         687  0.568940396704735     
         688  0.442452854941948     
         689  0.578150765670822     
         690  0.364948497680862     
         691  0.545599822482670     
         692  0.564347617755083     
         693  0.568569402589784     
         694  0.425693842762476     
         695  0.476707731372004     
         696  0.467393019831266     
         697  0.549015116205548     
         698  0.447698940947006     
         699  0.316208230200078     
         700  0.513900662165523     
         701  0.468895568626331     
         702  0.369520538116213     
         703  0.316973789221239     
         704  0.512589632300737     
         705  0.354910412755839     
         706  0.529600864415594     
         707  0.556102079234212     
         708  0.384029847713326     
         709  0.561356586931992     
         710  0.638045802889922     
         711  0.554347007956080     
         712  0.516370058673642     
         713  0.512542702158221     
         714  0.349422331282164     
         715  0.567501892769153     
         716  0.287153753867564     
         717  0.540860125093053     
         718  0.476716408144514     
         719  0.471326861796271     
         720  0.486698345627862     
         721  0.532756152167894     
         722  0.496787949302853     
         723  0.488144986778440     
         724  0.534480099574172     
         725  0.418703243936465     
         726  0.396202061576326     
         727  0.545331811494546     
         728  0.300029554559962     
         729  0.425553145690596     
         730  0.512330151223781     
         731  0.521342441011011     
         732  0.481316328178113     
         733  0.518694798779577     
         734  0.545191333217613     
         735  0.540930084893519     
         736  0.522492378084935     
         737  0.493116108816666     
         738  0.502895280915265     
         739  0.556141674810179     
         740  0.401823208048654     
         741  0.470943314986500     
         742  0.484639197366101     
         743  0.518741388650121     
         744  0.547664373124637     
         745  0.538802469850622     
         746  0.545417253764033     
         747  0.541074498325007     
         748  0.553991209202485     
         749  0.373964599499143     
         750  0.558449608833806     
         751  0.472364101303004     
         752  0.517712846953802     
         753  0.414609219247718     
         754  0.538573817483334     
         755  0.568037342328140     
         756  0.547287006949229     
         757  0.508066982949059     
         758  0.520227378375353     
         759  0.543362311939686     
         760  0.551363234495671     
         761  0.413661029969260     
         762  0.420041832265727     
         763  0.117169477294483     
         764  0.524805806407664     
         765  0.537809420330359     
         766  0.560174543290767     
         767  0.552233140700913     
         768  0.583432337444430     
         769  0.584562511370496     
         770  0.534949444903264     
         771  0.518506975424213     
         772  0.486646553779956     
         773  0.361886655956213     
         774  0.373275690600195     
         775  0.315182683607481     
         776  0.506924216754412     
         777  0.558529106784518     
         778  0.600713793106842     
         779  0.615323494816737     
         780  0.466822685093104     
         781  0.552241388680354     
         782  0.496161948832724     
         783  0.321644560568003     
         784  0.464391007776207     
         785  0.435435836556929     
         786  0.546016996367267     
         787  0.550532474987865     
         788  0.543024725072342     
         789  0.520931954946250     
         790  0.582638031143040     
         791  0.189197775112023     
         792  0.241761739181892     
         793  0.462572275406954     
         794  0.553702017396434     
         795  0.117169477294483     
         796  0.593885556042301     
         797  0.495884158551497     
         798  0.608602766672604     
         799  0.438328070374684     
         800  0.342846344289090     
         801  0.541119742256033     
         802  0.582371882646608     
         803  0.506082426384978     
         804  0.524654626279153     
         805  0.542318895532840     
         806  0.589441242585227     
