trait/effect level  solution          s.e.
   1   1         1         44.38757458          1.27819707
   1   1         2         56.19414787          2.10846280
   1   1         3         51.46053481          1.14152375
   1   2         1         10.20326696          8.14075727
   1   2         2          2.04629519          4.31809451
   1   2         3          1.44161050          3.24324596
   1   2         4          3.14762727          5.35515360
   1   2         5         13.36445679          9.59899992
   1   2         6          1.67601068          3.47462553
   1   2         7          1.89011463          3.79409953
   1   2         8          2.62848848          4.57269219
   1   2         9          1.81132908          3.67114285
   1   2        10          3.88576682          5.09808240
   1   2        11          1.51852824          3.41648622
   1   2        12          1.77111802          4.38699240
   1   2        13          2.91523399          4.57392759
   1   2        14          2.36153948          4.58033174
   1   2        15          2.36381042          3.99475320
   1   2        16          3.00664228          4.42185101
   1   2        17          2.40900163          3.92405403
   1   2        18          5.47389669          6.06541149
   1   2        19          1.82748970          4.08713522
   1   2        20          2.84281963          4.53277821
   1   2        21          5.90401105          6.25485224
   1   2        22          2.41836213          3.96002025
   1   2        23          2.32277322          4.37860098
   1   2        24          0.57089317          4.64111021
   1   2        25          2.35087433          6.64421892
   1   2        26          0.73097101          5.13402156
   1   2        27          0.61490714          4.38158364
   1   2        28          0.75397942          6.43291180
   1   2        29          0.34015214          4.37710347
   1   2        30          0.30488989          4.92710173
   1   2        31          0.23692205          3.20509554
   1   2        32          0.41499028          3.50233255
   1   2        33          1.81639853          7.74366065
   1   2        34         -0.08833303          3.19626634
   1   2        35          0.03802478          3.47498815
   1   2        36          0.48658486          4.67403559
   1   2        37         -0.60898666          4.61567850
   1   2        38         -0.27215191          4.18663109
   1   2        39          0.15132928          3.74874915
   1   2        40         -0.22597767          3.06051177
   1   2        41          0.18172872          4.22418347
   1   2        42          1.93303660          9.11082627
   1   2        43          1.02479329          6.37200574
   1   2        44          1.50569694          6.78865027
   1   2        45          0.17048780          3.32713159
   1   2        46          0.65743532          8.54481694
   1   2        47          0.42432421          4.26940540
   1   2        48          1.57654048          7.96009455
   1   2        49         -0.09343667          6.61353046
   1   2        50          0.33627343          3.46784601
   1   2        51          0.77323667          5.13350490
   1   2        52         -2.62959298          9.29610558
   1   2        53          0.12628717          3.14878126
   1   2        54         -0.66315492          4.31555268
   1   2        55          0.12691394          3.08748838
   1   2        56         -0.45501624          4.90401243
   1   2        57         -0.10931786          3.10115991
   1   2        58          0.04513786          8.54712056
   1   2        59         -0.62746388          3.35950259
   1   2        60         -0.42656785          4.67409438
   1   2        61         -0.20382046          3.35759330
   1   2        62         -0.56805376          3.94075070
   1   2        63         -1.67285548          6.41009706
   1   2        64         -3.00561244         12.07004060
   1   2        65         -0.52733325          3.27811007
   1   2        66         -0.61154600          3.41086206
   1   2        67         -0.82854958          4.90248631
   1   2        68         -0.03870584          4.74081399
   1   2        69         -0.38800165          3.58659767
   1   2        70        -11.45604042         15.33858691
   1   2        71         -0.87621055          4.49279628
   1   2        72         -0.62124051          3.42362981
   1   2        73         -0.30947147          3.01656108
   1   2        74         -0.41186050          3.37888248
   1   2        75         -0.95264692          4.49673892
   1   2        76         -0.88712957          5.64461753
   1   2        77          0.21892656          3.47445156
   1   2        78         -1.69651953          6.54578880
   1   2        79         -1.26319440          5.74827680
   1   2        80         -0.39683203          3.19621491
   1   2        81          0.59968920          4.72057825
   1   2        82          0.78052412          9.22166129
   1   2        83         -0.14275598          5.37529116
   1   2        84          0.19103392          3.48087232
   1   2        85          2.08986682         10.36277870
   1   2        86          0.12170408          4.12626163
   1   2        87          0.29400018          3.90424785
   1   2        88         -0.39517991          3.42802551
   1   2        89         -0.27067715          3.93970724
   1   2        90          0.93625032          5.63279776
   1   2        91         -0.51851671          3.62195912
   1   2        92         -0.07788843          3.78362656
   1   2        93         -0.20947973          3.36103772
   1   2        94         -0.16363357          3.72798812
   1   2        95          0.59398855         10.09609938
   1   2        96         -0.54772674          3.86439185
   1   2        97         -0.42802639          3.48209177
   1   2        98         -0.34399399          4.54142661
   1   2        99          0.26146060          3.21390413
   1   2       100         -0.64908070          5.03154961
   1   2       101         -0.04608237          3.95077207
   1   2       102         -1.20775983          6.16442681
   1   2       103         -0.59437737          8.90585665
   1   2       104         -0.64942235          3.55678914
   1   2       105         -0.59139994          3.81363551
   1   2       106         -0.44865435          4.58082454
   1   2       107         -2.83369106          9.58652040
   1   2       108          0.50564900          4.06947274
   1   2       109         -2.73395830         11.94817972
   1   2       110         -0.54596303          3.32080491
   1   2       111         -0.76565553          5.59048357
   1   2       112         -0.47641829          3.92126008
   1   2       113         -0.55988486          6.28669287
   1   2       114          0.05605492          3.70811278
   1   2       115          0.40006216          4.13865412
   1   2       116          0.49558025          5.10197645
   1   2       117          3.21905242         10.70966544
   1   2       118          0.32062305          3.80535618
   1   2       119          0.18394983          4.90027389
   1   2       120         -0.02556918          3.22824683
   1   2       121         -0.31066578          5.17120757
   1   2       122          0.33905018          7.58456095
   1   2       123         -0.01666962          3.14974621
   1   2       124          0.13573140          3.15568088
   1   2       125          0.07734044          3.60213536
   1   2       126         -2.61710797          7.98169472
   1   2       127         -0.27542144          3.92148339
   1   2       128         -0.94320992          4.75718205
   1   2       129          0.48152960          3.81741345
   1   2       130         -0.16182830          4.90503872
   1   2       131         -0.01665096          3.75470586
   1   2       132         -0.15353518          3.62519919
   1   2       133          0.10547731          4.11787806
   1   2       134          0.48559919          4.69830605
   1   2       135          0.28133723          3.22505779
   1   2       136          1.07270568          6.40527543
   1   2       137         -0.29136914          4.13619501
   1   2       138         -2.06644155          9.88969316
   1   2       139         -0.47172599          3.85794197
   1   2       140         -2.97728408          7.44683533
   1   2       141         -0.77038993          4.46456055
   1   2       142          0.16175687          3.85071821
   1   2       143         -0.39620919          5.10640250
   1   2       144         -0.31193114          3.48631236
   1   2       145         -1.15912468          6.27222936
   1   2       146         -0.35968006          3.38637184
   1   2       147         -0.26313323          3.72765915
   1   2       148          0.83659090          5.94100408
   1   2       149          0.58404855          4.06038591
   1   2       150          0.47650804          4.77786258
   1   2       151          0.50771598          4.02439368
   1   2       152          3.15730834          8.50456667
   1   2       153          3.40248847          8.74274796
   1   2       154          0.63939952          4.02609959
   1   2       155          0.25650046          3.58202051
   1   2       156          0.89391262          4.53909002
   1   2       157          0.90863138          5.01820480
   1   2       158          4.78397169         10.89923711
   1   2       159          0.43021461          3.80116922
   1   2       160          3.19438043          9.32070187
   1   2       161          2.11504387         10.02560215
   1   2       162          1.22154947          5.46123743
   1   2       163          0.61459546          3.93775619
   1   2       164          0.90783659          4.39791073
   1   2       165          0.48237009          3.77484212
   1   2       166          2.06849208          7.35954136
   1   2       167          0.50347518          4.32637853
   1   2       168          0.34594190          4.49965389
   1   2       169          0.23940921          3.55565830
   1   2       170          0.44823589          4.08904714
   1   2       171          0.85552324          5.22499339
   1   2       172          0.43756910          3.37128563
   1   2       173          0.35170336          3.18602528
   1   2       174          0.20374555          4.59163193
   1   2       175         -1.26897723          5.00772723
   1   2       176         -0.26792752          4.18827952
   1   2       177          0.05367734          5.27036765
   1   2       178         -0.03387769          3.67411535
   1   2       179          0.03325043          4.23332692
   1   2       180         -3.65548905          9.50409680
   1   2       181          0.13671819          3.31490861
   1   2       182         -0.88447966          4.85318397
   1   2       183         -0.56508715          4.47041397
   1   2       184         -0.85525776          5.49050874
   1   2       185         -0.16677631          3.49980519
   1   2       186         -0.64714980          4.55795342
   1   2       187         -0.13144401          5.63988694
   1   2       188         -1.65575014          5.78063281
   1   2       189         -0.49760545          4.24267731
   1   2       190          0.02596940          3.57561422
   1   2       191          0.00204009          3.01294863
   1   2       192         -0.61257887          4.80885453
   1   2       193         -0.00020452          3.09900508
   1   2       194         -0.73646575          8.86593170
   1   2       195          0.07267484          4.22595361
   1   2       196         -1.01116214          8.53548605
   1   2       197          0.75315703          8.71163283
   1   2       198          0.13559530          3.73478434
   1   2       199          0.39055305          4.40474458
   1   2       200          0.75633617          6.11334266
   1   2       201          0.24040301          3.40374469
   1   2       202         -0.33335167          3.73253805
   1   2       203         -0.06227309          5.23741361
   1   2       204          1.51943744          6.45547501
   1   2       205         -3.32567467         10.26319297
   1   2       206          0.31730628          3.51770146
   1   2       207         -0.06601640          4.11734473
   1   2       208          1.00234400          8.10356456
   1   2       209          0.55983246          5.20085806
   1   2       210          2.37684754         10.38862828
   1   2       211         -0.12320941          3.10072085
   1   2       212          0.30994147          4.27401131
   1   2       213          2.08807233         10.18147104
   1   2       214          0.16984666          3.49072070
   1   2       215          0.62995192          4.22957664
   1   2       216          0.23449497          3.76778354
   1   2       217          0.02611171          3.30065491
   1   2       218          0.58399896          4.39477896
   1   2       219          0.75539455          5.49026258
   1   2       220          0.46353381          3.47974669
   1   2       221          0.45158567          3.46755222
   1   2       222          0.24571202          3.08532469
   1   2       223          1.56326450          6.64740658
   1   2       224          1.05188143          5.48563337
   1   2       225          0.02646145          3.13109440
   1   2       226          0.37923756          4.77658395
   1   2       227          2.33234341          8.54951887
   1   2       228          0.30396098          3.23810684
   1   2       229          0.56184181          5.68819677
   1   2       230          0.33514880          3.06747912
   1   2       231         -0.47930416          4.40459550
   1   2       232         -0.29476487          2.99201486
   1   2       233         -0.78867844          4.46755553
   1   2       234          0.74015030          5.97229132
   1   2       235         -0.32161311          3.47539850
   1   2       236         -0.00476750          5.67969336
   1   2       237         -0.48423416          5.67173283
   1   2       238         -0.36909345          3.84649695
   1   2       239         -0.12937786          3.27497664
   1   2       240         -0.26798543          3.22828434
   1   2       241          0.53945157          8.48025296
   1   2       242         -0.34576753          3.44361851
   1   2       243         -3.48433970          9.90206890
   1   2       244         -0.50545992          3.81724374
   1   2       245         -0.30821869          5.03482451
   1   2       246         -0.43902733          4.44104949
   1   2       247          0.72332908          4.12634093
   1   2       248          0.16724291          3.56509056
   1   2       249          0.91037651          4.89408032
   1   2       250          0.61462411          3.82198561
   1   2       251          0.66977704          3.72017612
   1   2       252          1.56805465          8.71726832
   1   2       253         -0.19139316          3.62067183
   1   2       254         -0.80048922          5.14368563
   1   2       255         -0.24269734          3.39131257
   1   2       256          0.50290634          3.82001807
   1   2       257          0.38919747          3.36422791
   1   2       258          1.86350468          7.91174546
   1   2       259         -0.50708547          4.26397501
   1   2       260         -0.46967292          3.26909678
   1   2       261         -1.13566214          4.85013033
   1   2       262          0.26750360          3.34678110
   1   2       263          0.03656237          3.09716875
   1   2       264          0.16694852          3.39069368
   1   2       265          0.40507742          5.84881109
   1   2       266         -0.64396861          4.57386338
   1   2       267          0.44667617          4.50389827
   1   2       268         -0.14374724          3.70571236
   1   2       269          0.66562926          9.97771064
   1   2       270          0.24675920          4.13467434
   1   2       271         -0.10928567          5.48276470
   1   2       272          0.10998440          3.30780421
   1   2       273          0.16762197          3.88276345
   1   2       274         -0.27358648          4.76170358
   1   2       275          0.06687491          3.17099067
   1   2       276          0.03421302          3.98680811
   1   2       277          0.19792607          6.16239889
   1   2       278          0.31026975          3.58555754
   1   2       279         -0.61845989          4.65564547
   1   2       280          0.09353855          3.21168169
   1   2       281         -0.21400675          4.07115999
   1   2       282         -1.71953810          5.17951235
   1   2       283          0.05959449          3.30074434
   1   2       284         -0.18233225          5.30727751
   1   2       285         -0.84009351          4.27141359
   1   2       286         -0.03177504          4.68972603
   1   2       287          0.50237756          4.65632388
   1   2       288          0.35568655          4.99401612
   1   2       289          0.18733953          3.82491757
   1   2       290          0.12984107          7.87649006
   1   2       291          0.05758236          3.05418255
   1   2       292         -0.30695402          3.93471272
   1   2       293          0.05768676          3.39940776
   1   2       294          0.59713017          5.92509016
   1   2       295         -0.82499501          4.16471344
   1   2       296         -0.12879900          3.44350336
   1   2       297         -0.85222201          4.67204934
   1   2       298          0.27325566          3.65531760
   1   2       299          0.00511255          5.25691109
   1   2       300          0.30068556          3.37049511
   1   2       301         -0.31366312          3.79608061
   1   2       302          0.54225641          4.74368612
   1   2       303          0.29661820          4.36254991
   1   2       304         -0.19073989          3.40744823
   1   2       305          0.48144725          4.44888306
   1   2       306         -1.18357951          4.53669316
   1   2       307         -0.09295127          4.14591291
   1   2       308         -0.60636840          6.08856668
   1   2       309          0.75472768          9.32494645
   1   2       310         -0.22249357          5.10040743
   1   2       311          0.24481045          3.43620874
   1   2       312          0.41334851          4.18792485
   1   2       313          0.47945283          4.81958351
   1   2       314          0.57857249          5.24503689
   1   2       315         -0.04040185          3.49875304
   1   2       316         -1.47493750          8.65246384
   1   2       317          0.27176934          4.26513880
   1   2       318          0.56652158          4.73411147
   1   2       319         -0.05075958          3.40864659
   1   2       320          0.88901391          7.64797731
   1   2       321         -0.14395375          4.72554372
   1   2       322         -0.04867455          3.34867400
   1   2       323         -0.16305654          3.78276201
   1   2       324         -0.30734422          5.91826200
   1   2       325         -0.98489507          4.41079696
   1   2       326          0.10361520          3.22867873
   1   2       327          1.16533690          6.09597969
   1   2       328          1.93107016          9.45471533
   1   2       329          0.09915022          3.31179214
   1   2       330         -0.72015466          4.13668962
   1   2       331         -0.15055942          2.80342391
   1   2       332          0.26004751          3.31151082
   1   2       333         -0.32309049          3.19426795
   1   2       334         -1.85041472          5.59351398
   1   2       335          0.12738545          4.02630717
   1   2       336          0.22831759          3.39524718
   1   2       337         -0.08509170          3.68931985
   1   2       338          0.47127523          4.34667282
   1   2       339         -3.34553302          9.71595602
   1   2       340          0.64856800          5.37000193
   1   2       341          0.40340112          4.45097865
   1   2       342          0.66588779          5.91514940
   1   2       343          0.42844470          7.44254689
   1   2       344         -0.32081719          8.99449491
   1   2       345          0.08845439          4.51243892
   1   2       346         -0.02645164          3.01637219
   1   2       347          0.28762559          3.06714616
   1   2       348         -2.09052211          6.46739047
   1   2       349         -1.39972736          9.05883180
   1   2       350         -0.15637904          3.63870697
   1   2       351         -0.79371057          4.82219483
   1   2       352          0.17226720          4.09736617
   1   2       353         -0.45848130          7.93573877
   1   2       354          0.53616641          5.82584218
   1   2       355         -0.21881609          3.02564195
   1   2       356         -0.07522394          3.46322660
   1   2       357         -0.10988022          3.27179523
   1   2       358          0.04969929          3.61912783
   1   2       359         -0.18908009          5.94901223
   1   2       360          0.04122040          9.59203571
   1   2       361         -0.29491675          5.79817038
   1   2       362          0.23236330          4.97486485
   1   2       363         -0.18472919          3.24459898
   1   2       364         -0.19648239          4.00780913
   1   2       365         -0.01326838          5.26073131
   1   2       366         -1.33962918          6.20424990
   1   2       367         -0.10186966          3.46328170
   1   2       368         -0.18201204          4.26996697
   1   2       369         -0.57144936          3.67960893
   1   2       370         -0.62721504          4.78082820
   1   2       371         -0.95832078          5.81527012
   1   2       372         -1.02848974          6.02149774
   1   2       373         -0.11708568          4.01711054
   1   2       374         -0.21404956          3.04861381
   1   2       375         -2.09142158          6.65485873
   1   2       376         -0.42993442          3.29648176
   1   2       377         -0.62876122          6.69499387
   1   2       378         -0.05444442          2.95956707
   1   2       379          0.09711450          3.33813624
   1   2       380         -0.53096109          9.46271141
   1   2       381         -0.24565619          3.29834848
   1   2       382         -0.43203085          3.80900410
   1   2       383          0.20572163          4.27720985
   1   2       384          1.93858141         10.29643169
   1   2       385         -0.15398185          3.77616811
   1   2       386          0.36246013          3.89447435
   1   2       387          0.09701128          3.62923154
   1   2       388         -0.45117451          3.92035927
   1   2       389         -0.17604517          5.42143483
   1   2       390          0.17068055          3.67710041
   1   2       391         -0.33776741          4.04816594
   1   2       392         -0.40260621          3.77073782
   1   2       393          0.08778370          4.29886712
   1   2       394          0.13426135          3.36397431
   1   2       395         -0.35176477          5.15932117
   1   2       396          0.13222669          3.12689713
   1   2       397          0.28264558          3.20931006
   1   2       398         -0.77693626          8.64386389
   1   2       399          0.10108860          3.69066211
   1   2       400         -0.53973689          4.42578740
   1   2       401          0.70023631          7.53397297
   1   2       402         -0.50314814          3.73745654
   1   2       403          0.14433824          4.18616514
   1   2       404         -0.19942819          5.79765812
   1   2       405         -0.39428802          4.01698509
   1   2       406         -0.15684697          3.52449947
   1   2       407          0.00580166          4.80267372
   1   2       408         -0.15366129          3.15772005
   1   2       409         -0.13654388          3.94490912
   1   2       410         -0.07569558          5.37915356
   1   2       411          0.18867782          3.68207131
   1   2       412         -0.70746609          4.67353928
   1   2       413          0.15162442          3.16311336
   1   2       414         -1.50433201          5.35781161
   1   2       415         -0.06422453          3.37054978
   1   2       416         -0.16955168          5.22328787
   1   2       417         -0.10977347          3.52018057
   1   2       418          1.89521877          8.29165552
   1   2       419          0.33151459          4.58886911
   1   2       420          0.36295240          4.83625557
   1   2       421         -0.04925577          3.85214558
   1   2       422          1.70049631          8.18175910
   1   2       423         -0.66043141          4.49406968
   1   2       424          0.03304284          3.33043264
   1   2       425          0.15564773          3.46164743
   1   2       426          0.12315373          4.77710905
   1   2       427          0.42292063          3.94406038
   1   2       428          0.41168188          5.63647064
   1   2       429         -0.72725155          3.76768093
   1   2       430         -0.70941730          3.46611645
   1   2       431         -0.52324994          4.64101558
   1   2       432         -0.71889086          4.01756791
   1   2       433          0.05432738          3.20623826
   1   2       434         -0.73119620          6.49804511
   1   2       435          0.02214049          3.78561812
   1   2       436         -0.45105842          4.20784463
   1   2       437         -1.53085642          5.18805198
   1   2       438         -0.58747687          3.35149349
   1   2       439         -0.00971220          3.01275289
   1   2       440         -0.34195723          3.50835733
   1   2       441         -0.09157486          5.04347604
   1   2       442         -1.65625337         10.05577905
   1   2       443         -0.01971612          4.23741940
   1   2       444         -0.22832755          3.46574099
   1   2       445          0.41951002          9.13432745
   1   2       446          1.18669149          5.50886466
   1   2       447         -1.65790735          6.02061467
   1   2       448         -0.12227904          4.40579487
   1   2       449          0.54485867          4.62252738
   1   2       450          0.40597440          3.43038932
   1   2       451          0.62387550          4.31100619
   1   2       452          0.76813934          5.18846864
   1   2       453          0.14092344          3.36753905
   1   2       454          0.10437488          3.48323617
   1   2       455          0.95773116          5.40540746
   1   2       456          0.32255057          4.48256692
   1   2       457          0.36674277          4.85704907
   1   2       458         -0.58263323          3.31807992
   1   2       459          0.68116126          6.18739180
   1   2       460          1.33767513         10.83137296
   1   2       461          0.50160372          4.26678267
   1   2       462          0.44966457          9.76230623
   1   2       463          0.10251234          3.13076376
   1   2       464          1.05119787          7.05245873
   1   2       465         -0.17434238          3.30088132
   1   2       466          0.57126820          5.41522300
   1   2       467         -0.02400748          3.37282373
   1   2       468          0.19174287          3.31923665
   1   2       469          0.20684250          4.19545925
   1   2       470         -0.57910610          3.21296109
   1   2       471         -0.11558180          4.60269314
   1   2       472         -0.50419280          4.78863727
   1   2       473         -0.44303014          3.02215232
   1   2       474          0.27588591          3.08495296
   1   2       475          0.11090169          4.59343902
   1   2       476          1.76838199          9.42903031
   1   2       477          0.08872238          3.84941767
   1   2       478          2.41251094          9.37991257
   1   2       479          0.15906763          4.64743497
   1   2       480          0.23027423          3.06463897
   1   2       481          1.84339277          9.29773431
   1   2       482          1.67924665          9.16868868
   1   2       483          0.30153100          3.45579576
   1   2       484          0.19266984          3.02067021
   1   2       485          0.34564054          4.35914403
   1   2       486         -1.58426962          6.34926379
   1   2       487         -0.65250649          6.60530514
   1   2       488         -0.31938694          3.27494624
   1   2       489         -0.49780662          3.19155365
   1   2       490         -1.20239265          5.47457761
   1   2       491         -1.50820430          8.73749858
   1   2       492         -0.11437420          5.12227046
   1   2       493         -0.27117427          3.06130614
   1   2       494         -0.68351407          5.21474873
   1   2       495          0.53856047          4.97184131
   1   2       496          1.44207445          8.42519641
   1   2       497          0.48936870          3.94216495
   1   2       498          0.35853213          3.76834952
   1   2       499          0.60960580          4.39213250
   1   2       500          0.25580903          3.24127965
   1   2       501          0.34886949          3.54383458
   1   2       502          0.26802853          3.27275186
   1   2       503          2.06629551          9.71703894
   1   2       504          0.56996164          4.17865335
   1   2       505          1.38293414          6.35040043
   1   2       506          0.15749602          5.17794993
   1   2       507          0.12627035          6.95221041
   1   2       508          0.82847116          6.36734993
   1   2       509          0.25196656          3.13293446
   1   2       510          0.54387449          4.29842144
   1   2       511          0.98903895          6.23193376
   1   2       512          0.19755249          3.19803479
   1   2       513          0.16178322          3.06627812
   1   2       514          0.00563570          7.12789235
   1   2       515          0.56114474          4.29691944
   1   2       516          0.20930316          5.50194173
   1   2       517          0.33503043          4.05141816
   1   2       518          0.27133540          4.06174422
   1   2       519          1.72195497          7.98101917
   1   2       520          0.37962377          3.79807934
   1   2       521          0.35121229          3.49605838
   1   2       522          1.35554008          9.03535357
   1   2       523         -0.48312036          3.59015589
   1   2       524         -0.17925205          3.30944887
   1   2       525         -0.54415592          3.66337690
   1   2       526         -0.39822716          3.93206024
   1   2       527         -0.22763627          4.35414116
   1   2       528          1.07008633          6.12726196
   1   2       529          0.26481634          4.77592025
   1   2       530          0.13517324          3.66477111
   1   2       531         -0.00854238          3.17939911
   1   2       532         -0.01356042          3.51410521
   1   2       533         -0.33643591          3.87942355
   1   2       534          0.83889173          8.58617158
   1   2       535          0.21733346          4.32129187
   1   2       536         -0.01962880          3.52902381
   1   2       537          0.36932595          4.32280944
   1   2       538         -0.03643995          3.43157932
   1   2       539          0.17367648          3.74273870
   1   2       540          0.25958451          4.70575444
   1   2       541         -0.47225900          9.53070682
   1   2       542          0.24710641          3.93372047
   1   2       543          0.13750521          3.21556527
   1   2       544          0.12058879          3.18430063
   1   2       545          0.49837223          7.09793187
   1   2       546          0.05059084          3.28285579
   1   2       547          1.17926838          6.80517285
   1   2       548          1.01254441          5.83764048
   1   2       549          0.37890349          3.35390960
   1   2       550         -1.42065101          5.79652553
   1   2       551          0.08696088          3.18982387
   1   2       552          0.14428872          3.57752034
   1   2       553          2.21463226          8.01096969
   1   2       554          1.19871898          9.15567896
   1   2       555          0.19929976          4.37731052
   1   2       556          0.35533198          4.61287399
   1   2       557          1.60559754          6.96673172
   1   2       558          0.31909911          3.13055275
   1   2       559         -2.36519520         10.75451383
   1   2       560          0.27251114          3.70001152
   1   2       561         -0.52674916          5.79455009
   1   2       562          0.49962551          4.03217897
   1   2       563          0.29043967          4.34588617
   1   2       564          0.08686956          3.16224242
   1   2       565          1.18400613          8.89185561
   1   2       566          0.09430324          4.05529562
   1   2       567         -0.24488250          5.60722330
   1   2       568         -0.00214749          3.55203224
   1   2       569         -0.32726143          3.41147653
   1   2       570          0.26730493          3.80990075
   1   2       571         -1.25272670          5.05749218
   1   2       572         -0.42697983          6.64461817
   1   2       573         -2.00814240          7.93083685
   1   2       574         -0.00216605          3.90438797
   1   2       575          0.16097162          3.75536668
   1   2       576          0.26251382          4.16219708
   1   2       577          0.10645239          3.25216677
   1   2       578          0.65201245          5.45308994
   1   2       579         -0.45938373          3.23092708
   1   2       580         -0.29314595          3.11843061
   1   2       581         -0.09777845          3.23123538
   1   2       582         -2.16379104          7.47446487
   1   2       583         -0.55031965          3.35568918
   1   2       584          0.08191290          3.74293371
   1   2       585          0.64797773          5.01081186
   1   2       586          0.46361053          4.35114815
   1   2       587          0.33633482          4.37509929
   1   2       588          0.19742507          3.57314044
   1   2       589         -0.10907713          3.22035565
   1   2       590          0.35390278          4.01208453
   1   2       591          2.06296449          9.09835096
   1   2       592         -0.61893638          3.76844336
   1   2       593         -1.47216370          4.91448099
   1   2       594         -0.69503469          3.89897472
   1   2       595         -0.78297784          4.23450078
   1   2       596         -0.56611408          4.79422787
   1   2       597          0.46782397          9.28958359
   1   2       598         -2.15592559          7.02998823
   1   2       599          0.07913924          8.97746713
   1   2       600          0.48355272          4.20433755
   1   2       601         -1.33677438          7.44086262
   1   2       602         -2.16127170          6.96061816
   1   2       603          0.02394472          4.93670422
   1   2       604         -0.52961927          3.36235276
   1   2       605         -0.89696590          4.00279096
   1   2       606         -1.02541852          4.30809702
   1   2       607          0.34447858          4.09969404
   1   2       608         -0.39009147          5.11155660
   1   2       609          0.31718308          3.76229325
   1   2       610          0.76373555          4.84979947
   1   2       611          0.40833791          3.60258938
   1   2       612          0.45782455          4.10149394
   1   2       613          0.30744985          3.29689092
   1   2       614          1.65404327          7.27823164
   1   2       615          0.26003534          3.27362396
   1   2       616          0.63594769          4.50209792
   1   2       617          0.63555593          7.99339857
   1   2       618          0.34393276          3.56776484
   1   2       619         -0.01435255          3.22577441
   1   2       620          0.42196905          4.61741311
   1   2       621          0.51842590          4.55697831
   1   2       622          0.45261242          4.32915051
   1   2       623          0.27501607          3.58990434
   1   2       624          1.31207657          9.67480630
   1   2       625          0.39721400          4.30598017
   1   2       626          0.21213236          3.09034195
   1   2       627          0.22014307          3.08064345
   1   2       628          0.35885762          3.47161555
   1   2       629         -0.02229094          4.39453145
   1   2       630          0.39164863          5.94688104
   1   2       631          0.20798253          3.19201150
   1   2       632         -0.04862365          3.30770621
   1   2       633          0.64609969          4.85006511
   1   2       634         -1.14628382          9.16161701
   1   2       635          0.10236205          3.11592619
   1   2       636         -0.38482692          5.06740229
   1   2       637          0.25897100          9.50872038
   1   2       638          0.24192065          3.21776006
   1   2       639         -1.05787745          9.80031980
   1   2       640          0.32071182          4.82520498
   1   2       641         -0.02492923          2.99171635
   1   2       642          0.04621887          3.03924659
   1   2       643          1.66291796          7.79042744
   1   2       644          1.01215028          3.24579061
   1   2       645          1.95334032          4.30320188
   1   2       646          6.21951908          8.57889824
   1   2       647          1.55118353          3.24345638
   1   2       648          1.26669723          3.58082395
   1   2       649          3.76740305          5.89423465
   1   2       650          7.28633209          6.83277111
   1   2       651          5.80408240          6.39135814
   1   2       652          1.14248415          3.35068167
   1   2       653          1.15201836          3.45967850
   1   2       654          1.44690759          3.21088384
   1   2       655          4.92195015          7.92222847
   1   2       656          3.67332764          5.07149447
   1   2       657          9.66333123          9.22869270
   1   2       658          2.32297947          4.51077562
   1   2       659         14.22540099         10.03556426
   1   2       660          1.30927681          3.77536616
   1   2       661          5.88052948          8.12750992
   1   2       662          1.91124257          4.18634491
   1   2       663          0.98448182          3.08645799
   1   2       664         16.62018832         10.27674279
   1   2       665          1.88426306          4.40996705
   1   2       666          4.67562276          5.60584334
   1   2       667         12.41806372          9.05966091
   1   2       668          3.18869957          4.91500568
   1   2       669          4.38028743          5.74142894
   1   2       670          1.23107469          3.33157182
   1   2       671          1.27223971          3.12977120
   1   2       672          3.12604584          5.11191383
   1   2       673          1.60386901          3.73156381
   1   2       674         13.96974514         10.34914452
   1   2       675         13.25520625         10.02106934
   1   2       676          2.61718898          4.30643889
   1   2       677          7.40703647          8.58591271
   1   2       678          7.27392689          7.90607700
   1   2       679          1.43184313          3.52967314
   1   2       680          0.99983385          3.23615237
   1   2       681          1.71663427          3.99897381
   1   2       682         13.31093398          9.52516072
   1   2       683          2.40015468          3.94711685
   1   2       684         12.13979689          9.21650498
   1   2       685          2.45109758          4.24932153
   1   2       686          1.52515824          3.47999318
   1   2       687          2.45447934          4.30417325
   1   2       688          1.93658827          3.87268649
   1   2       689          6.00490102          6.35085882
   1   2       690          3.33511760          4.88800277
   1   2       691          2.02436794          3.87870056
   1   2       692          1.25634395          3.25041109
   1   2       693          1.69190514          3.38439622
   1   2       694          2.64750651          4.22908799
   1   2       695          1.62936429          3.23378888
   1   2       696          3.60534809          5.03622774
   1   2       697          1.38929072          3.18166312
   1   2       698          5.32054990          6.10409655
   1   2       699          1.36892521          3.10435777
   1   2       700          1.47126164          3.34555226
   1   2       701         20.12793184         11.53960582
   1   2       702          2.83901302          4.33290893
   1   2       703          1.97546990          4.65713442
   1   2       704          2.47530093          4.16682720
   1   2       705          1.41178385          3.36717844
   1   2       706          1.64504441          3.93815954
   1   2       707         11.16837566          9.08174430
   1   2       708          1.87529819          3.63853943
   1   2       709          2.37751488          4.63858849
   1   2       710          1.46169805          3.13237189
   1   2       711          8.97138552          7.99296076
   1   2       712          1.43294133          3.85429277
   1   2       713         11.21691731          8.65627050
   1   2       714          1.95206779          3.68953194
   1   2       715         11.43332942          8.87400162
   1   2       716          1.81203781          3.52647753
   1   2       717          4.06447469          5.06411796
   1   2       718          2.28289660          3.90773044
   1   2       719          1.68643450          3.39821211
   1   2       720          2.07866664          4.08512329
   1   2       721          1.49728150          3.28365210
   1   2       722          3.21734868          5.03061212
   1   2       723          1.16288819          3.29278058
   1   2       724          1.35927557          3.59243504
   1   2       725          3.69174432          6.21984931
   1   2       726          1.64127856          3.86124977
   1   2       727          2.98357389          5.25957059
   1   2       728          2.04239577          3.62938197
   1   2       729          0.00000000          3.03366025
   1   2       730          0.00000000          3.05526264
   1   2       731          0.00000000          7.44295889
   1   2       732          0.00000000          3.04316536
   1   2       733          0.00000000          3.12574139
   1   2       734          0.00000000          3.04192151
   1   2       735          0.00000000          3.04901857
   1   2       736          0.00000000          3.06089885
   1   2       737          0.00000000          3.03385046
   1   2       738          0.00000000          3.03876663
   1   2       739          0.00000000          3.12224602
   1   2       740          0.00000000          3.07292632
   1   2       741          0.00000000          3.09921911
   1   2       742          0.00000000          3.10319101
   1   2       743          0.00000000          3.11162123
   1   2       744          0.00000000          3.10072445
   1   2       745          0.00000000          3.10882856
   1   2       746          0.00000000          3.08061791
   1   2       747          0.00000000          3.14581427
   1   2       748          0.00000000          3.13111134
   1   2       749          0.00000000          3.13707737
   1   2       750          0.00000000          3.14489798
   1   2       751          0.00000000          3.18073866
   1   2       752          0.00000000          3.16084697
   1   2       753          0.00000000          3.16309270
   1   2       754          0.00000000          3.26012049
   1   2       755          0.00000000          3.14354764
   1   2       756          0.00000000          3.11323746
   1   2       757          0.00000000          3.15095974
   1   2       758          0.00000000          3.14763516
   1   2       759          0.00000000          3.13204018
   1   2       760          0.00000000          3.16550914
   1   2       761          0.00000000          3.20507769
   1   2       762          0.00000000          3.19718992
   1   2       763          0.00000000          3.20124330
   1   2       764          0.00000000          3.16128261
   1   2       765          0.00000000          3.21387593
   1   2       766          0.00000000          3.18797526
   1   2       767          0.00000000          3.17187872
   1   2       768          0.00000000          3.15035601
   1   2       769          0.00000000          3.20610183
   1   2       770          0.00000000          3.19110996
   1   2       771          0.00000000          3.15670126
   1   2       772          0.00000000          3.21771370
   1   2       773          0.00000000          3.25611927
   1   2       774          0.00000000          3.18544653
   1   2       775          0.00000000          3.14849199
   1   2       776          0.00000000          3.22488710
   1   2       777          0.00000000          3.28399769
   1   2       778          0.00000000          4.82129744
   1   2       779          0.00000000          5.53857444
   1   2       780          0.00000000          5.95240019
   1   2       781          0.00000000          5.60534321
   1   2       782          0.00000000          5.76086038
   1   2       783          0.00000000          5.88398188
   1   2       784          0.00000000          5.81166049
   1   2       785          0.00000000          5.61996016
   1   2       786          0.00000000          6.36299020
   1   2       787          0.00000000          6.37527711
   1   2       788          0.00000000          6.17856609
   1   2       789          0.00000000          5.89060589
   1   2       790          0.00000000          6.40533585
   1   2       791          0.00000000          8.41513241
   1   2       792          0.00000000          9.37113772
   1   2       793          0.00000000          7.03015979
   1   2       794          0.00000000          7.02038405
   1   2       795          0.00000000          6.78614315
   1   2       796          0.00000000          6.73375275
   1   2       797          0.00000000         12.13770391
   1   2       798          0.00000000          6.18663435
   1   2       799          0.00000000          6.35442097
   1   2       800          0.00000000          7.80770784
   1   2       801          0.00000000          7.34363040
   1   2       802          0.00000000         10.17922236
   1   2       803          0.00000000         11.19598981
   1   2       804          0.00000000          3.08899581
   1   2       805          0.00000000         10.50552009
   1   2       806          0.00000000         12.24477400
